0	0
0.000208247	1.96519e-06
0.000416493	2.52106e-06
0.00062474	2.93195e-06
0.000832986	3.27038e-06
0.00104123	3.56355e-06
0.00124948	3.82505e-06
0.00145773	4.06282e-06
0.00166597	4.28194e-06
0.00187422	4.48592e-06
0.00208247	4.67729e-06
0.00229071	4.85795e-06
0.00249896	5.02937e-06
0.00270721	5.19269e-06
0.00291545	5.34887e-06
0.0031237	5.49866e-06
0.00333195	5.64272e-06
0.00354019	5.78157e-06
0.00374844	5.91569e-06
0.00395668	6.04547e-06
0.00416493	6.17125e-06
0.00437318	6.29333e-06
0.00458142	6.41199e-06
0.00478967	6.52745e-06
0.00499792	6.63993e-06
0.00520616	6.74961e-06
0.00541441	6.85667e-06
0.00562266	6.96125e-06
0.0058309	7.0635e-06
0.00603915	7.16354e-06
0.0062474	7.26148e-06
0.00645564	7.35744e-06
0.00666389	7.45151e-06
0.00687214	7.54377e-06
0.00708038	7.63432e-06
0.00728863	7.72322e-06
0.00749688	7.81055e-06
0.00770512	7.89638e-06
0.00791337	7.98077e-06
0.00812162	8.06377e-06
0.00832986	8.14544e-06
0.00853811	8.22582e-06
0.00874636	8.30498e-06
0.0089546	8.38295e-06
0.00916285	8.45977e-06
0.0093711	8.53548e-06
0.00957934	8.61013e-06
0.00978759	8.68374e-06
0.00999584	8.75635e-06
0.0102041	8.82799e-06
0.0104123	8.89869e-06
0.0106206	8.96848e-06
0.0108288	9.03739e-06
0.0110371	9.10545e-06
0.0112453	9.17267e-06
0.0114536	9.23908e-06
0.0116618	9.30471e-06
0.0118701	9.36957e-06
0.0120783	9.43369e-06
0.0122865	9.49708e-06
0.0124948	9.55977e-06
0.012703	9.62177e-06
0.0129113	9.6831e-06
0.0131195	9.74378e-06
0.0133278	9.80382e-06
0.013536	9.86323e-06
0.0137443	9.92204e-06
0.0139525	9.98025e-06
0.0141608	1.00379e-05
0.014369	1.00949e-05
0.0145773	1.01515e-05
0.0147855	1.02074e-05
0.0149938	1.02629e-05
0.015202	1.03178e-05
0.0154102	1.03722e-05
0.0156185	1.04261e-05
0.0158267	1.04795e-05
0.016035	1.05325e-05
0.0162432	1.0585e-05
0.0164515	1.0637e-05
0.0166597	1.06885e-05
0.016868	1.07397e-05
0.0170762	1.07904e-05
0.0172845	1.08406e-05
0.0174927	1.08905e-05
0.017701	1.09399e-05
0.0179092	1.0989e-05
0.0181175	1.10376e-05
0.0183257	1.10859e-05
0.0185339	1.11338e-05
0.0187422	1.11813e-05
0.0189504	1.12284e-05
0.0191587	1.12752e-05
0.0193669	1.13216e-05
0.0195752	1.13677e-05
0.0197834	1.14134e-05
0.0199917	1.14588e-05
0.0201999	1.15038e-05
0.0204082	1.15486e-05
0.0206164	1.1593e-05
0.0208247	1.16371e-05
0.0210329	1.16808e-05
0.0212411	1.17243e-05
0.0214494	1.17675e-05
0.0216576	1.18103e-05
0.0218659	1.18529e-05
0.0220741	1.18952e-05
0.0222824	1.19372e-05
0.0224906	1.19789e-05
0.0226989	1.20204e-05
0.0229071	1.20615e-05
0.0231154	1.21024e-05
0.0233236	1.21431e-05
0.0235319	1.21834e-05
0.0237401	1.22236e-05
0.0239484	1.22634e-05
0.0241566	1.2303e-05
0.0243648	1.23424e-05
0.0245731	1.23815e-05
0.0247813	1.24204e-05
0.0249896	1.2459e-05
0.0251978	1.24974e-05
0.0254061	1.25356e-05
0.0256143	1.25735e-05
0.0258226	1.26113e-05
0.0260308	1.26488e-05
0.0262391	1.2686e-05
0.0264473	1.27231e-05
0.0266556	1.27599e-05
0.0268638	1.27966e-05
0.0270721	1.2833e-05
0.0272803	1.28692e-05
0.0274885	1.29052e-05
0.0276968	1.2941e-05
0.027905	1.29766e-05
0.0281133	1.3012e-05
0.0283215	1.30472e-05
0.0285298	1.30822e-05
0.028738	1.31171e-05
0.0289463	1.31517e-05
0.0291545	1.31862e-05
0.0293628	1.32204e-05
0.029571	1.32545e-05
0.0297793	1.32884e-05
0.0299875	1.33222e-05
0.0301958	1.33557e-05
0.030404	1.33891e-05
0.0306122	1.34223e-05
0.0308205	1.34553e-05
0.0310287	1.34882e-05
0.031237	1.35209e-05
0.0314452	1.35534e-05
0.0316535	1.35858e-05
0.0318617	1.3618e-05
0.03207	1.36501e-05
0.0322782	1.36819e-05
0.0324865	1.37137e-05
0.0326947	1.37453e-05
0.032903	1.37767e-05
0.0331112	1.38079e-05
0.0333195	1.38391e-05
0.0335277	1.387e-05
0.0337359	1.39009e-05
0.0339442	1.39315e-05
0.0341524	1.39621e-05
0.0343607	1.39925e-05
0.0345689	1.40227e-05
0.0347772	1.40528e-05
0.0349854	1.40828e-05
0.0351937	1.41126e-05
0.0354019	1.41423e-05
0.0356102	1.41718e-05
0.0358184	1.42013e-05
0.0360267	1.42305e-05
0.0362349	1.42597e-05
0.0364431	1.42887e-05
0.0366514	1.43176e-05
0.0368596	1.43464e-05
0.0370679	1.4375e-05
0.0372761	1.44035e-05
0.0374844	1.44319e-05
0.0376926	1.44602e-05
0.0379009	1.44883e-05
0.0381091	1.45164e-05
0.0383174	1.45443e-05
0.0385256	1.4572e-05
0.0387339	1.45997e-05
0.0389421	1.46272e-05
0.0391504	1.46547e-05
0.0393586	1.4682e-05
0.0395668	1.47092e-05
0.0397751	1.47363e-05
0.0399833	1.47632e-05
0.0401916	1.47901e-05
0.0403998	1.48168e-05
0.0406081	1.48435e-05
0.0408163	1.487e-05
0.0410246	1.48964e-05
0.0412328	1.49227e-05
0.0414411	1.49489e-05
0.0416493	1.4975e-05
0.0418576	1.5001e-05
0.0420658	1.50269e-05
0.0422741	1.50527e-05
0.0424823	1.50784e-05
0.0426905	1.5104e-05
0.0428988	1.51295e-05
0.043107	1.51549e-05
0.0433153	1.51802e-05
0.0435235	1.52053e-05
0.0437318	1.52304e-05
0.04394	1.52554e-05
0.0441483	1.52803e-05
0.0443565	1.53051e-05
0.0445648	1.53298e-05
0.044773	1.53544e-05
0.0449813	1.5379e-05
0.0451895	1.54034e-05
0.0453978	1.54277e-05
0.045606	1.5452e-05
0.0458142	1.54761e-05
0.0460225	1.55002e-05
0.0462307	1.55242e-05
0.046439	1.55481e-05
0.0466472	1.55718e-05
0.0468555	1.55956e-05
0.0470637	1.56192e-05
0.047272	1.56427e-05
0.0474802	1.56662e-05
0.0476885	1.56895e-05
0.0478967	1.57128e-05
0.048105	1.5736e-05
0.0483132	1.57591e-05
0.0485214	1.57822e-05
0.0487297	1.58051e-05
0.0489379	1.5828e-05
0.0491462	1.58508e-05
0.0493544	1.58735e-05
0.0495627	1.58961e-05
0.0497709	1.59187e-05
0.0499792	1.59411e-05
0.0501874	1.59635e-05
0.0503957	1.59858e-05
0.0506039	1.60081e-05
0.0508122	1.60302e-05
0.0510204	1.60523e-05
0.0512287	1.60743e-05
0.0514369	1.60962e-05
0.0516451	1.61181e-05
0.0518534	1.61399e-05
0.0520616	1.61616e-05
0.0522699	1.61832e-05
0.0524781	1.62048e-05
0.0526864	1.62263e-05
0.0528946	1.62477e-05
0.0531029	1.62691e-05
0.0533111	1.62903e-05
0.0535194	1.63115e-05
0.0537276	1.63327e-05
0.0539359	1.63537e-05
0.0541441	1.63747e-05
0.0543524	1.63957e-05
0.0545606	1.64165e-05
0.0547688	1.64373e-05
0.0549771	1.6458e-05
0.0551853	1.64787e-05
0.0553936	1.64993e-05
0.0556018	1.65198e-05
0.0558101	1.65402e-05
0.0560183	1.65606e-05
0.0562266	1.6581e-05
0.0564348	1.66012e-05
0.0566431	1.66214e-05
0.0568513	1.66416e-05
0.0570596	1.66616e-05
0.0572678	1.66816e-05
0.0574761	1.67016e-05
0.0576843	1.67214e-05
0.0578925	1.67413e-05
0.0581008	1.6761e-05
0.058309	1.67807e-05
0.0585173	1.68003e-05
0.0587255	1.68199e-05
0.0589338	1.68394e-05
0.059142	1.68589e-05
0.0593503	1.68783e-05
0.0595585	1.68976e-05
0.0597668	1.69169e-05
0.059975	1.69361e-05
0.0601833	1.69552e-05
0.0603915	1.69743e-05
0.0605998	1.69934e-05
0.060808	1.70123e-05
0.0610162	1.70313e-05
0.0612245	1.70501e-05
0.0614327	1.70689e-05
0.061641	1.70877e-05
0.0618492	1.71064e-05
0.0620575	1.7125e-05
0.0622657	1.71436e-05
0.062474	1.71621e-05
0.0626822	1.71806e-05
0.0628905	1.7199e-05
0.0630987	1.72174e-05
0.063307	1.72357e-05
0.0635152	1.7254e-05
0.0637234	1.72722e-05
0.0639317	1.72903e-05
0.0641399	1.73084e-05
0.0643482	1.73265e-05
0.0645564	1.73444e-05
0.0647647	1.73624e-05
0.0649729	1.73803e-05
0.0651812	1.73981e-05
0.0653894	1.74159e-05
0.0655977	1.74336e-05
0.0658059	1.74513e-05
0.0660142	1.7469e-05
0.0662224	1.74865e-05
0.0664307	1.75041e-05
0.0666389	1.75216e-05
0.0668471	1.7539e-05
0.0670554	1.75564e-05
0.0672636	1.75737e-05
0.0674719	1.7591e-05
0.0676801	1.76082e-05
0.0678884	1.76254e-05
0.0680966	1.76426e-05
0.0683049	1.76596e-05
0.0685131	1.76767e-05
0.0687214	1.76937e-05
0.0689296	1.77106e-05
0.0691379	1.77275e-05
0.0693461	1.77444e-05
0.0695544	1.77612e-05
0.0697626	1.7778e-05
0.0699708	1.77947e-05
0.0701791	1.78114e-05
0.0703873	1.7828e-05
0.0705956	1.78446e-05
0.0708038	1.78611e-05
0.0710121	1.78776e-05
0.0712203	1.7894e-05
0.0714286	1.79104e-05
0.0716368	1.79268e-05
0.0718451	1.79431e-05
0.0720533	1.79594e-05
0.0722616	1.79756e-05
0.0724698	1.79918e-05
0.0726781	1.80079e-05
0.0728863	1.8024e-05
0.0730945	1.80401e-05
0.0733028	1.80561e-05
0.073511	1.8072e-05
0.0737193	1.8088e-05
0.0739275	1.81038e-05
0.0741358	1.81197e-05
0.074344	1.81355e-05
0.0745523	1.81512e-05
0.0747605	1.81669e-05
0.0749688	1.81826e-05
0.075177	1.81982e-05
0.0753853	1.82138e-05
0.0755935	1.82294e-05
0.0758017	1.82449e-05
0.07601	1.82604e-05
0.0762182	1.82758e-05
0.0764265	1.82912e-05
0.0766347	1.83065e-05
0.076843	1.83218e-05
0.0770512	1.83371e-05
0.0772595	1.83523e-05
0.0774677	1.83675e-05
0.077676	1.83827e-05
0.0778842	1.83978e-05
0.0780925	1.84128e-05
0.0783007	1.84279e-05
0.078509	1.84429e-05
0.0787172	1.84578e-05
0.0789254	1.84727e-05
0.0791337	1.84876e-05
0.0793419	1.85025e-05
0.0795502	1.85173e-05
0.0797584	1.8532e-05
0.0799667	1.85468e-05
0.0801749	1.85614e-05
0.0803832	1.85761e-05
0.0805914	1.85907e-05
0.0807997	1.86053e-05
0.0810079	1.86198e-05
0.0812162	1.86344e-05
0.0814244	1.86488e-05
0.0816327	1.86633e-05
0.0818409	1.86777e-05
0.0820491	1.8692e-05
0.0822574	1.87063e-05
0.0824656	1.87206e-05
0.0826739	1.87349e-05
0.0828821	1.87491e-05
0.0830904	1.87633e-05
0.0832986	1.87775e-05
0.0835069	1.87916e-05
0.0837151	1.88057e-05
0.0839234	1.88197e-05
0.0841316	1.88337e-05
0.0843399	1.88477e-05
0.0845481	1.88616e-05
0.0847564	1.88755e-05
0.0849646	1.88894e-05
0.0851728	1.89033e-05
0.0853811	1.89171e-05
0.0855893	1.89308e-05
0.0857976	1.89446e-05
0.0860058	1.89583e-05
0.0862141	1.8972e-05
0.0864223	1.89856e-05
0.0866306	1.89992e-05
0.0868388	1.90128e-05
0.0870471	1.90263e-05
0.0872553	1.90398e-05
0.0874636	1.90533e-05
0.0876718	1.90667e-05
0.08788	1.90802e-05
0.0880883	1.90935e-05
0.0882965	1.91069e-05
0.0885048	1.91202e-05
0.088713	1.91335e-05
0.0889213	1.91467e-05
0.0891295	1.91599e-05
0.0893378	1.91731e-05
0.089546	1.91863e-05
0.0897543	1.91994e-05
0.0899625	1.92125e-05
0.0901708	1.92256e-05
0.090379	1.92386e-05
0.0905873	1.92516e-05
0.0907955	1.92646e-05
0.0910037	1.92775e-05
0.091212	1.92904e-05
0.0914202	1.93033e-05
0.0916285	1.93162e-05
0.0918367	1.9329e-05
0.092045	1.93418e-05
0.0922532	1.93545e-05
0.0924615	1.93673e-05
0.0926697	1.938e-05
0.092878	1.93926e-05
0.0930862	1.94053e-05
0.0932945	1.94179e-05
0.0935027	1.94305e-05
0.093711	1.9443e-05
0.0939192	1.94555e-05
0.0941274	1.9468e-05
0.0943357	1.94805e-05
0.0945439	1.94929e-05
0.0947522	1.95053e-05
0.0949604	1.95177e-05
0.0951687	1.95301e-05
0.0953769	1.95424e-05
0.0955852	1.95547e-05
0.0957934	1.9567e-05
0.0960017	1.95792e-05
0.0962099	1.95914e-05
0.0964182	1.96036e-05
0.0966264	1.96157e-05
0.0968347	1.96279e-05
0.0970429	1.964e-05
0.0972511	1.9652e-05
0.0974594	1.96641e-05
0.0976676	1.96761e-05
0.0978759	1.96881e-05
0.0980841	1.97e-05
0.0982924	1.9712e-05
0.0985006	1.97239e-05
0.0987089	1.97358e-05
0.0989171	1.97476e-05
0.0991254	1.97594e-05
0.0993336	1.97712e-05
0.0995419	1.9783e-05
0.0997501	1.97948e-05
0.0999584	1.98065e-05
0.100167	1.98182e-05
0.100375	1.98298e-05
0.100583	1.98415e-05
0.100791	1.98531e-05
0.101	1.98647e-05
0.101208	1.98763e-05
0.101416	1.98878e-05
0.101624	1.98993e-05
0.101833	1.99108e-05
0.102041	1.99222e-05
0.102249	1.99337e-05
0.102457	1.99451e-05
0.102666	1.99565e-05
0.102874	1.99678e-05
0.103082	1.99792e-05
0.10329	1.99905e-05
0.103499	2.00018e-05
0.103707	2.0013e-05
0.103915	2.00242e-05
0.104123	2.00354e-05
0.104332	2.00466e-05
0.10454	2.00578e-05
0.104748	2.00689e-05
0.104956	2.008e-05
0.105165	2.00911e-05
0.105373	2.01022e-05
0.105581	2.01132e-05
0.105789	2.01242e-05
0.105998	2.01352e-05
0.106206	2.01462e-05
0.106414	2.01571e-05
0.106622	2.0168e-05
0.10683	2.01789e-05
0.107039	2.01898e-05
0.107247	2.02006e-05
0.107455	2.02114e-05
0.107663	2.02222e-05
0.107872	2.0233e-05
0.10808	2.02438e-05
0.108288	2.02545e-05
0.108496	2.02652e-05
0.108705	2.02759e-05
0.108913	2.02865e-05
0.109121	2.02972e-05
0.109329	2.03078e-05
0.109538	2.03184e-05
0.109746	2.03289e-05
0.109954	2.03395e-05
0.110162	2.035e-05
0.110371	2.03605e-05
0.110579	2.0371e-05
0.110787	2.03814e-05
0.110995	2.03918e-05
0.111204	2.04022e-05
0.111412	2.04126e-05
0.11162	2.0423e-05
0.111828	2.04333e-05
0.112037	2.04436e-05
0.112245	2.04539e-05
0.112453	2.04642e-05
0.112661	2.04744e-05
0.11287	2.04847e-05
0.113078	2.04949e-05
0.113286	2.05051e-05
0.113494	2.05152e-05
0.113703	2.05254e-05
0.113911	2.05355e-05
0.114119	2.05456e-05
0.114327	2.05557e-05
0.114536	2.05657e-05
0.114744	2.05757e-05
0.114952	2.05857e-05
0.11516	2.05957e-05
0.115369	2.06057e-05
0.115577	2.06157e-05
0.115785	2.06256e-05
0.115993	2.06355e-05
0.116202	2.06454e-05
0.11641	2.06552e-05
0.116618	2.06651e-05
0.116826	2.06749e-05
0.117035	2.06847e-05
0.117243	2.06945e-05
0.117451	2.07042e-05
0.117659	2.0714e-05
0.117868	2.07237e-05
0.118076	2.07334e-05
0.118284	2.07431e-05
0.118492	2.07527e-05
0.118701	2.07624e-05
0.118909	2.0772e-05
0.119117	2.07816e-05
0.119325	2.07911e-05
0.119534	2.08007e-05
0.119742	2.08102e-05
0.11995	2.08197e-05
0.120158	2.08292e-05
0.120367	2.08387e-05
0.120575	2.08482e-05
0.120783	2.08576e-05
0.120991	2.0867e-05
0.1212	2.08764e-05
0.121408	2.08858e-05
0.121616	2.08951e-05
0.121824	2.09045e-05
0.122032	2.09138e-05
0.122241	2.09231e-05
0.122449	2.09324e-05
0.122657	2.09416e-05
0.122865	2.09509e-05
0.123074	2.09601e-05
0.123282	2.09693e-05
0.12349	2.09785e-05
0.123698	2.09876e-05
0.123907	2.09968e-05
0.124115	2.10059e-05
0.124323	2.1015e-05
0.124531	2.10241e-05
0.12474	2.10332e-05
0.124948	2.10422e-05
0.125156	2.10512e-05
0.125364	2.10603e-05
0.125573	2.10692e-05
0.125781	2.10782e-05
0.125989	2.10872e-05
0.126197	2.10961e-05
0.126406	2.1105e-05
0.126614	2.11139e-05
0.126822	2.11228e-05
0.12703	2.11317e-05
0.127239	2.11405e-05
0.127447	2.11493e-05
0.127655	2.11581e-05
0.127863	2.11669e-05
0.128072	2.11757e-05
0.12828	2.11845e-05
0.128488	2.11932e-05
0.128696	2.12019e-05
0.128905	2.12106e-05
0.129113	2.12193e-05
0.129321	2.1228e-05
0.129529	2.12366e-05
0.129738	2.12452e-05
0.129946	2.12538e-05
0.130154	2.12624e-05
0.130362	2.1271e-05
0.130571	2.12796e-05
0.130779	2.12881e-05
0.130987	2.12966e-05
0.131195	2.13051e-05
0.131404	2.13136e-05
0.131612	2.13221e-05
0.13182	2.13305e-05
0.132028	2.1339e-05
0.132237	2.13474e-05
0.132445	2.13558e-05
0.132653	2.13642e-05
0.132861	2.13725e-05
0.13307	2.13809e-05
0.133278	2.13892e-05
0.133486	2.13975e-05
0.133694	2.14058e-05
0.133903	2.14141e-05
0.134111	2.14224e-05
0.134319	2.14306e-05
0.134527	2.14388e-05
0.134736	2.1447e-05
0.134944	2.14552e-05
0.135152	2.14634e-05
0.13536	2.14716e-05
0.135569	2.14797e-05
0.135777	2.14879e-05
0.135985	2.1496e-05
0.136193	2.15041e-05
0.136401	2.15121e-05
0.13661	2.15202e-05
0.136818	2.15282e-05
0.137026	2.15363e-05
0.137234	2.15443e-05
0.137443	2.15523e-05
0.137651	2.15603e-05
0.137859	2.15682e-05
0.138067	2.15762e-05
0.138276	2.15841e-05
0.138484	2.1592e-05
0.138692	2.15999e-05
0.1389	2.16078e-05
0.139109	2.16157e-05
0.139317	2.16235e-05
0.139525	2.16313e-05
0.139733	2.16392e-05
0.139942	2.1647e-05
0.14015	2.16548e-05
0.140358	2.16625e-05
0.140566	2.16703e-05
0.140775	2.1678e-05
0.140983	2.16857e-05
0.141191	2.16935e-05
0.141399	2.17011e-05
0.141608	2.17088e-05
0.141816	2.17165e-05
0.142024	2.17241e-05
0.142232	2.17318e-05
0.142441	2.17394e-05
0.142649	2.1747e-05
0.142857	2.17545e-05
0.143065	2.17621e-05
0.143274	2.17697e-05
0.143482	2.17772e-05
0.14369	2.17847e-05
0.143898	2.17922e-05
0.144107	2.17997e-05
0.144315	2.18072e-05
0.144523	2.18147e-05
0.144731	2.18221e-05
0.14494	2.18295e-05
0.145148	2.18369e-05
0.145356	2.18443e-05
0.145564	2.18517e-05
0.145773	2.18591e-05
0.145981	2.18665e-05
0.146189	2.18738e-05
0.146397	2.18811e-05
0.146606	2.18884e-05
0.146814	2.18957e-05
0.147022	2.1903e-05
0.14723	2.19103e-05
0.147439	2.19175e-05
0.147647	2.19248e-05
0.147855	2.1932e-05
0.148063	2.19392e-05
0.148272	2.19464e-05
0.14848	2.19536e-05
0.148688	2.19607e-05
0.148896	2.19679e-05
0.149105	2.1975e-05
0.149313	2.19821e-05
0.149521	2.19892e-05
0.149729	2.19963e-05
0.149938	2.20034e-05
0.150146	2.20104e-05
0.150354	2.20175e-05
0.150562	2.20245e-05
0.150771	2.20315e-05
0.150979	2.20386e-05
0.151187	2.20455e-05
0.151395	2.20525e-05
0.151603	2.20595e-05
0.151812	2.20664e-05
0.15202	2.20734e-05
0.152228	2.20803e-05
0.152436	2.20872e-05
0.152645	2.20941e-05
0.152853	2.21009e-05
0.153061	2.21078e-05
0.153269	2.21147e-05
0.153478	2.21215e-05
0.153686	2.21283e-05
0.153894	2.21351e-05
0.154102	2.21419e-05
0.154311	2.21487e-05
0.154519	2.21555e-05
0.154727	2.21622e-05
0.154935	2.2169e-05
0.155144	2.21757e-05
0.155352	2.21824e-05
0.15556	2.21891e-05
0.155768	2.21958e-05
0.155977	2.22024e-05
0.156185	2.22091e-05
0.156393	2.22157e-05
0.156601	2.22224e-05
0.15681	2.2229e-05
0.157018	2.22356e-05
0.157226	2.22422e-05
0.157434	2.22487e-05
0.157643	2.22553e-05
0.157851	2.22619e-05
0.158059	2.22684e-05
0.158267	2.22749e-05
0.158476	2.22814e-05
0.158684	2.22879e-05
0.158892	2.22944e-05
0.1591	2.23009e-05
0.159309	2.23073e-05
0.159517	2.23138e-05
0.159725	2.23202e-05
0.159933	2.23266e-05
0.160142	2.2333e-05
0.16035	2.23394e-05
0.160558	2.23458e-05
0.160766	2.23521e-05
0.160975	2.23585e-05
0.161183	2.23648e-05
0.161391	2.23711e-05
0.161599	2.23775e-05
0.161808	2.23838e-05
0.162016	2.239e-05
0.162224	2.23963e-05
0.162432	2.24026e-05
0.162641	2.24088e-05
0.162849	2.24151e-05
0.163057	2.24213e-05
0.163265	2.24275e-05
0.163474	2.24337e-05
0.163682	2.24399e-05
0.16389	2.2446e-05
0.164098	2.24522e-05
0.164307	2.24583e-05
0.164515	2.24645e-05
0.164723	2.24706e-05
0.164931	2.24767e-05
0.16514	2.24828e-05
0.165348	2.24889e-05
0.165556	2.24949e-05
0.165764	2.2501e-05
0.165973	2.25071e-05
0.166181	2.25131e-05
0.166389	2.25191e-05
0.166597	2.25251e-05
0.166805	2.25311e-05
0.167014	2.25371e-05
0.167222	2.25431e-05
0.16743	2.2549e-05
0.167638	2.2555e-05
0.167847	2.25609e-05
0.168055	2.25668e-05
0.168263	2.25727e-05
0.168471	2.25786e-05
0.16868	2.25845e-05
0.168888	2.25904e-05
0.169096	2.25962e-05
0.169304	2.26021e-05
0.169513	2.26079e-05
0.169721	2.26138e-05
0.169929	2.26196e-05
0.170137	2.26254e-05
0.170346	2.26312e-05
0.170554	2.26369e-05
0.170762	2.26427e-05
0.17097	2.26484e-05
0.171179	2.26542e-05
0.171387	2.26599e-05
0.171595	2.26656e-05
0.171803	2.26713e-05
0.172012	2.2677e-05
0.17222	2.26827e-05
0.172428	2.26884e-05
0.172636	2.2694e-05
0.172845	2.26997e-05
0.173053	2.27053e-05
0.173261	2.27109e-05
0.173469	2.27165e-05
0.173678	2.27221e-05
0.173886	2.27277e-05
0.174094	2.27333e-05
0.174302	2.27389e-05
0.174511	2.27444e-05
0.174719	2.275e-05
0.174927	2.27555e-05
0.175135	2.2761e-05
0.175344	2.27665e-05
0.175552	2.2772e-05
0.17576	2.27775e-05
0.175968	2.2783e-05
0.176177	2.27884e-05
0.176385	2.27939e-05
0.176593	2.27993e-05
0.176801	2.28047e-05
0.17701	2.28101e-05
0.177218	2.28156e-05
0.177426	2.28209e-05
0.177634	2.28263e-05
0.177843	2.28317e-05
0.178051	2.2837e-05
0.178259	2.28424e-05
0.178467	2.28477e-05
0.178676	2.28531e-05
0.178884	2.28584e-05
0.179092	2.28637e-05
0.1793	2.2869e-05
0.179509	2.28742e-05
0.179717	2.28795e-05
0.179925	2.28848e-05
0.180133	2.289e-05
0.180342	2.28952e-05
0.18055	2.29005e-05
0.180758	2.29057e-05
0.180966	2.29109e-05
0.181175	2.29161e-05
0.181383	2.29212e-05
0.181591	2.29264e-05
0.181799	2.29316e-05
0.182007	2.29367e-05
0.182216	2.29419e-05
0.182424	2.2947e-05
0.182632	2.29521e-05
0.18284	2.29572e-05
0.183049	2.29623e-05
0.183257	2.29674e-05
0.183465	2.29724e-05
0.183673	2.29775e-05
0.183882	2.29825e-05
0.18409	2.29876e-05
0.184298	2.29926e-05
0.184506	2.29976e-05
0.184715	2.30026e-05
0.184923	2.30076e-05
0.185131	2.30126e-05
0.185339	2.30176e-05
0.185548	2.30225e-05
0.185756	2.30275e-05
0.185964	2.30324e-05
0.186172	2.30374e-05
0.186381	2.30423e-05
0.186589	2.30472e-05
0.186797	2.30521e-05
0.187005	2.3057e-05
0.187214	2.30619e-05
0.187422	2.30667e-05
0.18763	2.30716e-05
0.187838	2.30764e-05
0.188047	2.30813e-05
0.188255	2.30861e-05
0.188463	2.30909e-05
0.188671	2.30957e-05
0.18888	2.31005e-05
0.189088	2.31053e-05
0.189296	2.31101e-05
0.189504	2.31148e-05
0.189713	2.31196e-05
0.189921	2.31243e-05
0.190129	2.31291e-05
0.190337	2.31338e-05
0.190546	2.31385e-05
0.190754	2.31432e-05
0.190962	2.31479e-05
0.19117	2.31526e-05
0.191379	2.31572e-05
0.191587	2.31619e-05
0.191795	2.31665e-05
0.192003	2.31712e-05
0.192212	2.31758e-05
0.19242	2.31804e-05
0.192628	2.3185e-05
0.192836	2.31896e-05
0.193045	2.31942e-05
0.193253	2.31988e-05
0.193461	2.32034e-05
0.193669	2.32079e-05
0.193878	2.32125e-05
0.194086	2.3217e-05
0.194294	2.32216e-05
0.194502	2.32261e-05
0.194711	2.32306e-05
0.194919	2.32351e-05
0.195127	2.32396e-05
0.195335	2.32441e-05
0.195544	2.32485e-05
0.195752	2.3253e-05
0.19596	2.32574e-05
0.196168	2.32619e-05
0.196377	2.32663e-05
0.196585	2.32707e-05
0.196793	2.32751e-05
0.197001	2.32795e-05
0.197209	2.32839e-05
0.197418	2.32883e-05
0.197626	2.32927e-05
0.197834	2.3297e-05
0.198042	2.33014e-05
0.198251	2.33057e-05
0.198459	2.33101e-05
0.198667	2.33144e-05
0.198875	2.33187e-05
0.199084	2.3323e-05
0.199292	2.33273e-05
0.1995	2.33316e-05
0.199708	2.33359e-05
0.199917	2.33401e-05
0.200125	2.33444e-05
0.200333	2.33486e-05
0.200541	2.33529e-05
0.20075	2.33571e-05
0.200958	2.33613e-05
0.201166	2.33655e-05
0.201374	2.33697e-05
0.201583	2.33739e-05
0.201791	2.33781e-05
0.201999	2.33822e-05
0.202207	2.33864e-05
0.202416	2.33905e-05
0.202624	2.33947e-05
0.202832	2.33988e-05
0.20304	2.34029e-05
0.203249	2.34071e-05
0.203457	2.34112e-05
0.203665	2.34152e-05
0.203873	2.34193e-05
0.204082	2.34234e-05
0.20429	2.34275e-05
0.204498	2.34315e-05
0.204706	2.34356e-05
0.204915	2.34396e-05
0.205123	2.34436e-05
0.205331	2.34477e-05
0.205539	2.34517e-05
0.205748	2.34557e-05
0.205956	2.34597e-05
0.206164	2.34636e-05
0.206372	2.34676e-05
0.206581	2.34716e-05
0.206789	2.34755e-05
0.206997	2.34795e-05
0.207205	2.34834e-05
0.207414	2.34873e-05
0.207622	2.34913e-05
0.20783	2.34952e-05
0.208038	2.34991e-05
0.208247	2.3503e-05
0.208455	2.35068e-05
0.208663	2.35107e-05
0.208871	2.35146e-05
0.20908	2.35184e-05
0.209288	2.35223e-05
0.209496	2.35261e-05
0.209704	2.35299e-05
0.209913	2.35338e-05
0.210121	2.35376e-05
0.210329	2.35414e-05
0.210537	2.35452e-05
0.210746	2.35489e-05
0.210954	2.35527e-05
0.211162	2.35565e-05
0.21137	2.35602e-05
0.211579	2.3564e-05
0.211787	2.35677e-05
0.211995	2.35714e-05
0.212203	2.35752e-05
0.212411	2.35789e-05
0.21262	2.35826e-05
0.212828	2.35863e-05
0.213036	2.359e-05
0.213244	2.35936e-05
0.213453	2.35973e-05
0.213661	2.3601e-05
0.213869	2.36046e-05
0.214077	2.36083e-05
0.214286	2.36119e-05
0.214494	2.36155e-05
0.214702	2.36191e-05
0.21491	2.36227e-05
0.215119	2.36263e-05
0.215327	2.36299e-05
0.215535	2.36335e-05
0.215743	2.36371e-05
0.215952	2.36406e-05
0.21616	2.36442e-05
0.216368	2.36477e-05
0.216576	2.36513e-05
0.216785	2.36548e-05
0.216993	2.36583e-05
0.217201	2.36618e-05
0.217409	2.36653e-05
0.217618	2.36688e-05
0.217826	2.36723e-05
0.218034	2.36758e-05
0.218242	2.36792e-05
0.218451	2.36827e-05
0.218659	2.36862e-05
0.218867	2.36896e-05
0.219075	2.3693e-05
0.219284	2.36965e-05
0.219492	2.36999e-05
0.2197	2.37033e-05
0.219908	2.37067e-05
0.220117	2.37101e-05
0.220325	2.37135e-05
0.220533	2.37168e-05
0.220741	2.37202e-05
0.22095	2.37236e-05
0.221158	2.37269e-05
0.221366	2.37303e-05
0.221574	2.37336e-05
0.221783	2.37369e-05
0.221991	2.37402e-05
0.222199	2.37435e-05
0.222407	2.37468e-05
0.222616	2.37501e-05
0.222824	2.37534e-05
0.223032	2.37567e-05
0.22324	2.376e-05
0.223449	2.37632e-05
0.223657	2.37665e-05
0.223865	2.37697e-05
0.224073	2.37729e-05
0.224282	2.37762e-05
0.22449	2.37794e-05
0.224698	2.37826e-05
0.224906	2.37858e-05
0.225115	2.3789e-05
0.225323	2.37922e-05
0.225531	2.37953e-05
0.225739	2.37985e-05
0.225948	2.38017e-05
0.226156	2.38048e-05
0.226364	2.3808e-05
0.226572	2.38111e-05
0.226781	2.38142e-05
0.226989	2.38174e-05
0.227197	2.38205e-05
0.227405	2.38236e-05
0.227613	2.38267e-05
0.227822	2.38298e-05
0.22803	2.38328e-05
0.228238	2.38359e-05
0.228446	2.3839e-05
0.228655	2.3842e-05
0.228863	2.38451e-05
0.229071	2.38481e-05
0.229279	2.38511e-05
0.229488	2.38542e-05
0.229696	2.38572e-05
0.229904	2.38602e-05
0.230112	2.38632e-05
0.230321	2.38662e-05
0.230529	2.38692e-05
0.230737	2.38721e-05
0.230945	2.38751e-05
0.231154	2.38781e-05
0.231362	2.3881e-05
0.23157	2.3884e-05
0.231778	2.38869e-05
0.231987	2.38898e-05
0.232195	2.38928e-05
0.232403	2.38957e-05
0.232611	2.38986e-05
0.23282	2.39015e-05
0.233028	2.39044e-05
0.233236	2.39072e-05
0.233444	2.39101e-05
0.233653	2.3913e-05
0.233861	2.39158e-05
0.234069	2.39187e-05
0.234277	2.39215e-05
0.234486	2.39244e-05
0.234694	2.39272e-05
0.234902	2.393e-05
0.23511	2.39328e-05
0.235319	2.39356e-05
0.235527	2.39384e-05
0.235735	2.39412e-05
0.235943	2.3944e-05
0.236152	2.39468e-05
0.23636	2.39496e-05
0.236568	2.39523e-05
0.236776	2.39551e-05
0.236985	2.39578e-05
0.237193	2.39605e-05
0.237401	2.39633e-05
0.237609	2.3966e-05
0.237818	2.39687e-05
0.238026	2.39714e-05
0.238234	2.39741e-05
0.238442	2.39768e-05
0.238651	2.39795e-05
0.238859	2.39822e-05
0.239067	2.39848e-05
0.239275	2.39875e-05
0.239484	2.39901e-05
0.239692	2.39928e-05
0.2399	2.39954e-05
0.240108	2.39981e-05
0.240317	2.40007e-05
0.240525	2.40033e-05
0.240733	2.40059e-05
0.240941	2.40085e-05
0.24115	2.40111e-05
0.241358	2.40137e-05
0.241566	2.40163e-05
0.241774	2.40188e-05
0.241983	2.40214e-05
0.242191	2.4024e-05
0.242399	2.40265e-05
0.242607	2.40291e-05
0.242815	2.40316e-05
0.243024	2.40341e-05
0.243232	2.40366e-05
0.24344	2.40392e-05
0.243648	2.40417e-05
0.243857	2.40442e-05
0.244065	2.40466e-05
0.244273	2.40491e-05
0.244481	2.40516e-05
0.24469	2.40541e-05
0.244898	2.40565e-05
0.245106	2.4059e-05
0.245314	2.40614e-05
0.245523	2.40639e-05
0.245731	2.40663e-05
0.245939	2.40687e-05
0.246147	2.40712e-05
0.246356	2.40736e-05
0.246564	2.4076e-05
0.246772	2.40784e-05
0.24698	2.40808e-05
0.247189	2.40831e-05
0.247397	2.40855e-05
0.247605	2.40879e-05
0.247813	2.40902e-05
0.248022	2.40926e-05
0.24823	2.40949e-05
0.248438	2.40973e-05
0.248646	2.40996e-05
0.248855	2.41019e-05
0.249063	2.41043e-05
0.249271	2.41066e-05
0.249479	2.41089e-05
0.249688	2.41112e-05
0.249896	2.41135e-05
0.250104	2.41157e-05
0.250312	2.4118e-05
0.250521	2.41203e-05
0.250729	2.41226e-05
0.250937	2.41248e-05
0.251145	2.41271e-05
0.251354	2.41293e-05
0.251562	2.41315e-05
0.25177	2.41338e-05
0.251978	2.4136e-05
0.252187	2.41382e-05
0.252395	2.41404e-05
0.252603	2.41426e-05
0.252811	2.41448e-05
0.25302	2.4147e-05
0.253228	2.41492e-05
0.253436	2.41513e-05
0.253644	2.41535e-05
0.253853	2.41556e-05
0.254061	2.41578e-05
0.254269	2.41599e-05
0.254477	2.41621e-05
0.254686	2.41642e-05
0.254894	2.41663e-05
0.255102	2.41684e-05
0.25531	2.41706e-05
0.255519	2.41727e-05
0.255727	2.41748e-05
0.255935	2.41768e-05
0.256143	2.41789e-05
0.256352	2.4181e-05
0.25656	2.41831e-05
0.256768	2.41851e-05
0.256976	2.41872e-05
0.257185	2.41892e-05
0.257393	2.41913e-05
0.257601	2.41933e-05
0.257809	2.41953e-05
0.258017	2.41974e-05
0.258226	2.41994e-05
0.258434	2.42014e-05
0.258642	2.42034e-05
0.25885	2.42054e-05
0.259059	2.42074e-05
0.259267	2.42094e-05
0.259475	2.42113e-05
0.259683	2.42133e-05
0.259892	2.42153e-05
0.2601	2.42172e-05
0.260308	2.42192e-05
0.260516	2.42211e-05
0.260725	2.4223e-05
0.260933	2.4225e-05
0.261141	2.42269e-05
0.261349	2.42288e-05
0.261558	2.42307e-05
0.261766	2.42326e-05
0.261974	2.42345e-05
0.262182	2.42364e-05
0.262391	2.42383e-05
0.262599	2.42401e-05
0.262807	2.4242e-05
0.263015	2.42439e-05
0.263224	2.42457e-05
0.263432	2.42476e-05
0.26364	2.42494e-05
0.263848	2.42513e-05
0.264057	2.42531e-05
0.264265	2.42549e-05
0.264473	2.42567e-05
0.264681	2.42585e-05
0.26489	2.42603e-05
0.265098	2.42621e-05
0.265306	2.42639e-05
0.265514	2.42657e-05
0.265723	2.42675e-05
0.265931	2.42693e-05
0.266139	2.4271e-05
0.266347	2.42728e-05
0.266556	2.42745e-05
0.266764	2.42763e-05
0.266972	2.4278e-05
0.26718	2.42798e-05
0.267389	2.42815e-05
0.267597	2.42832e-05
0.267805	2.42849e-05
0.268013	2.42866e-05
0.268222	2.42883e-05
0.26843	2.429e-05
0.268638	2.42917e-05
0.268846	2.42934e-05
0.269055	2.42951e-05
0.269263	2.42967e-05
0.269471	2.42984e-05
0.269679	2.43e-05
0.269888	2.43017e-05
0.270096	2.43033e-05
0.270304	2.4305e-05
0.270512	2.43066e-05
0.270721	2.43082e-05
0.270929	2.43099e-05
0.271137	2.43115e-05
0.271345	2.43131e-05
0.271554	2.43147e-05
0.271762	2.43163e-05
0.27197	2.43179e-05
0.272178	2.43194e-05
0.272387	2.4321e-05
0.272595	2.43226e-05
0.272803	2.43241e-05
0.273011	2.43257e-05
0.273219	2.43272e-05
0.273428	2.43288e-05
0.273636	2.43303e-05
0.273844	2.43319e-05
0.274052	2.43334e-05
0.274261	2.43349e-05
0.274469	2.43364e-05
0.274677	2.43379e-05
0.274885	2.43394e-05
0.275094	2.43409e-05
0.275302	2.43424e-05
0.27551	2.43439e-05
0.275718	2.43454e-05
0.275927	2.43468e-05
0.276135	2.43483e-05
0.276343	2.43498e-05
0.276551	2.43512e-05
0.27676	2.43527e-05
0.276968	2.43541e-05
0.277176	2.43555e-05
0.277384	2.4357e-05
0.277593	2.43584e-05
0.277801	2.43598e-05
0.278009	2.43612e-05
0.278217	2.43626e-05
0.278426	2.4364e-05
0.278634	2.43654e-05
0.278842	2.43668e-05
0.27905	2.43682e-05
0.279259	2.43695e-05
0.279467	2.43709e-05
0.279675	2.43723e-05
0.279883	2.43736e-05
0.280092	2.4375e-05
0.2803	2.43763e-05
0.280508	2.43777e-05
0.280716	2.4379e-05
0.280925	2.43803e-05
0.281133	2.43816e-05
0.281341	2.43829e-05
0.281549	2.43843e-05
0.281758	2.43856e-05
0.281966	2.43869e-05
0.282174	2.43881e-05
0.282382	2.43894e-05
0.282591	2.43907e-05
0.282799	2.4392e-05
0.283007	2.43932e-05
0.283215	2.43945e-05
0.283424	2.43958e-05
0.283632	2.4397e-05
0.28384	2.43983e-05
0.284048	2.43995e-05
0.284257	2.44007e-05
0.284465	2.4402e-05
0.284673	2.44032e-05
0.284881	2.44044e-05
0.28509	2.44056e-05
0.285298	2.44068e-05
0.285506	2.4408e-05
0.285714	2.44092e-05
0.285923	2.44104e-05
0.286131	2.44116e-05
0.286339	2.44127e-05
0.286547	2.44139e-05
0.286756	2.44151e-05
0.286964	2.44162e-05
0.287172	2.44174e-05
0.28738	2.44185e-05
0.287589	2.44197e-05
0.287797	2.44208e-05
0.288005	2.44219e-05
0.288213	2.4423e-05
0.288421	2.44242e-05
0.28863	2.44253e-05
0.288838	2.44264e-05
0.289046	2.44275e-05
0.289254	2.44286e-05
0.289463	2.44296e-05
0.289671	2.44307e-05
0.289879	2.44318e-05
0.290087	2.44329e-05
0.290296	2.44339e-05
0.290504	2.4435e-05
0.290712	2.44361e-05
0.29092	2.44371e-05
0.291129	2.44382e-05
0.291337	2.44392e-05
0.291545	2.44402e-05
0.291753	2.44412e-05
0.291962	2.44423e-05
0.29217	2.44433e-05
0.292378	2.44443e-05
0.292586	2.44453e-05
0.292795	2.44463e-05
0.293003	2.44473e-05
0.293211	2.44483e-05
0.293419	2.44493e-05
0.293628	2.44502e-05
0.293836	2.44512e-05
0.294044	2.44522e-05
0.294252	2.44531e-05
0.294461	2.44541e-05
0.294669	2.4455e-05
0.294877	2.4456e-05
0.295085	2.44569e-05
0.295294	2.44578e-05
0.295502	2.44588e-05
0.29571	2.44597e-05
0.295918	2.44606e-05
0.296127	2.44615e-05
0.296335	2.44624e-05
0.296543	2.44633e-05
0.296751	2.44642e-05
0.29696	2.44651e-05
0.297168	2.4466e-05
0.297376	2.44669e-05
0.297584	2.44677e-05
0.297793	2.44686e-05
0.298001	2.44695e-05
0.298209	2.44703e-05
0.298417	2.44712e-05
0.298626	2.4472e-05
0.298834	2.44729e-05
0.299042	2.44737e-05
0.29925	2.44745e-05
0.299459	2.44753e-05
0.299667	2.44762e-05
0.299875	2.4477e-05
0.300083	2.44778e-05
0.300292	2.44786e-05
0.3005	2.44794e-05
0.300708	2.44802e-05
0.300916	2.4481e-05
0.301125	2.44817e-05
0.301333	2.44825e-05
0.301541	2.44833e-05
0.301749	2.4484e-05
0.301958	2.44848e-05
0.302166	2.44856e-05
0.302374	2.44863e-05
0.302582	2.4487e-05
0.302791	2.44878e-05
0.302999	2.44885e-05
0.303207	2.44892e-05
0.303415	2.449e-05
0.303623	2.44907e-05
0.303832	2.44914e-05
0.30404	2.44921e-05
0.304248	2.44928e-05
0.304456	2.44935e-05
0.304665	2.44942e-05
0.304873	2.44949e-05
0.305081	2.44956e-05
0.305289	2.44962e-05
0.305498	2.44969e-05
0.305706	2.44976e-05
0.305914	2.44982e-05
0.306122	2.44989e-05
0.306331	2.44995e-05
0.306539	2.45002e-05
0.306747	2.45008e-05
0.306955	2.45014e-05
0.307164	2.45021e-05
0.307372	2.45027e-05
0.30758	2.45033e-05
0.307788	2.45039e-05
0.307997	2.45045e-05
0.308205	2.45051e-05
0.308413	2.45057e-05
0.308621	2.45063e-05
0.30883	2.45069e-05
0.309038	2.45075e-05
0.309246	2.45081e-05
0.309454	2.45087e-05
0.309663	2.45092e-05
0.309871	2.45098e-05
0.310079	2.45103e-05
0.310287	2.45109e-05
0.310496	2.45114e-05
0.310704	2.4512e-05
0.310912	2.45125e-05
0.31112	2.45131e-05
0.311329	2.45136e-05
0.311537	2.45141e-05
0.311745	2.45146e-05
0.311953	2.45151e-05
0.312162	2.45156e-05
0.31237	2.45161e-05
0.312578	2.45166e-05
0.312786	2.45171e-05
0.312995	2.45176e-05
0.313203	2.45181e-05
0.313411	2.45186e-05
0.313619	2.4519e-05
0.313828	2.45195e-05
0.314036	2.452e-05
0.314244	2.45204e-05
0.314452	2.45209e-05
0.314661	2.45213e-05
0.314869	2.45218e-05
0.315077	2.45222e-05
0.315285	2.45226e-05
0.315494	2.45231e-05
0.315702	2.45235e-05
0.31591	2.45239e-05
0.316118	2.45243e-05
0.316327	2.45247e-05
0.316535	2.45251e-05
0.316743	2.45255e-05
0.316951	2.45259e-05
0.31716	2.45263e-05
0.317368	2.45267e-05
0.317576	2.45271e-05
0.317784	2.45274e-05
0.317993	2.45278e-05
0.318201	2.45282e-05
0.318409	2.45285e-05
0.318617	2.45289e-05
0.318825	2.45292e-05
0.319034	2.45296e-05
0.319242	2.45299e-05
0.31945	2.45302e-05
0.319658	2.45306e-05
0.319867	2.45309e-05
0.320075	2.45312e-05
0.320283	2.45315e-05
0.320491	2.45318e-05
0.3207	2.45322e-05
0.320908	2.45325e-05
0.321116	2.45328e-05
0.321324	2.4533e-05
0.321533	2.45333e-05
0.321741	2.45336e-05
0.321949	2.45339e-05
0.322157	2.45342e-05
0.322366	2.45344e-05
0.322574	2.45347e-05
0.322782	2.45349e-05
0.32299	2.45352e-05
0.323199	2.45354e-05
0.323407	2.45357e-05
0.323615	2.45359e-05
0.323823	2.45362e-05
0.324032	2.45364e-05
0.32424	2.45366e-05
0.324448	2.45368e-05
0.324656	2.45371e-05
0.324865	2.45373e-05
0.325073	2.45375e-05
0.325281	2.45377e-05
0.325489	2.45379e-05
0.325698	2.45381e-05
0.325906	2.45382e-05
0.326114	2.45384e-05
0.326322	2.45386e-05
0.326531	2.45388e-05
0.326739	2.4539e-05
0.326947	2.45391e-05
0.327155	2.45393e-05
0.327364	2.45394e-05
0.327572	2.45396e-05
0.32778	2.45397e-05
0.327988	2.45399e-05
0.328197	2.454e-05
0.328405	2.45401e-05
0.328613	2.45403e-05
0.328821	2.45404e-05
0.32903	2.45405e-05
0.329238	2.45406e-05
0.329446	2.45407e-05
0.329654	2.45408e-05
0.329863	2.45409e-05
0.330071	2.4541e-05
0.330279	2.45411e-05
0.330487	2.45412e-05
0.330696	2.45413e-05
0.330904	2.45414e-05
0.331112	2.45414e-05
0.33132	2.45415e-05
0.331529	2.45416e-05
0.331737	2.45416e-05
0.331945	2.45417e-05
0.332153	2.45417e-05
0.332362	2.45418e-05
0.33257	2.45418e-05
0.332778	2.45418e-05
0.332986	2.45419e-05
0.333195	2.45419e-05
0.333403	2.45419e-05
0.333611	2.45419e-05
0.333819	2.4542e-05
0.334027	2.4542e-05
0.334236	2.4542e-05
0.334444	2.4542e-05
0.334652	2.4542e-05
0.33486	2.4542e-05
0.335069	2.45419e-05
0.335277	2.45419e-05
0.335485	2.45419e-05
0.335693	2.45419e-05
0.335902	2.45419e-05
0.33611	2.45418e-05
0.336318	2.45418e-05
0.336526	2.45417e-05
0.336735	2.45417e-05
0.336943	2.45416e-05
0.337151	2.45416e-05
0.337359	2.45415e-05
0.337568	2.45414e-05
0.337776	2.45414e-05
0.337984	2.45413e-05
0.338192	2.45412e-05
0.338401	2.45411e-05
0.338609	2.45411e-05
0.338817	2.4541e-05
0.339025	2.45409e-05
0.339234	2.45408e-05
0.339442	2.45407e-05
0.33965	2.45405e-05
0.339858	2.45404e-05
0.340067	2.45403e-05
0.340275	2.45402e-05
0.340483	2.45401e-05
0.340691	2.45399e-05
0.3409	2.45398e-05
0.341108	2.45397e-05
0.341316	2.45395e-05
0.341524	2.45394e-05
0.341733	2.45392e-05
0.341941	2.45391e-05
0.342149	2.45389e-05
0.342357	2.45387e-05
0.342566	2.45386e-05
0.342774	2.45384e-05
0.342982	2.45382e-05
0.34319	2.4538e-05
0.343399	2.45378e-05
0.343607	2.45377e-05
0.343815	2.45375e-05
0.344023	2.45373e-05
0.344232	2.45371e-05
0.34444	2.45368e-05
0.344648	2.45366e-05
0.344856	2.45364e-05
0.345065	2.45362e-05
0.345273	2.4536e-05
0.345481	2.45357e-05
0.345689	2.45355e-05
0.345898	2.45353e-05
0.346106	2.4535e-05
0.346314	2.45348e-05
0.346522	2.45345e-05
0.346731	2.45343e-05
0.346939	2.4534e-05
0.347147	2.45338e-05
0.347355	2.45335e-05
0.347564	2.45332e-05
0.347772	2.45329e-05
0.34798	2.45327e-05
0.348188	2.45324e-05
0.348397	2.45321e-05
0.348605	2.45318e-05
0.348813	2.45315e-05
0.349021	2.45312e-05
0.349229	2.45309e-05
0.349438	2.45306e-05
0.349646	2.45303e-05
0.349854	2.453e-05
0.350062	2.45296e-05
0.350271	2.45293e-05
0.350479	2.4529e-05
0.350687	2.45287e-05
0.350895	2.45283e-05
0.351104	2.4528e-05
0.351312	2.45276e-05
0.35152	2.45273e-05
0.351728	2.45269e-05
0.351937	2.45266e-05
0.352145	2.45262e-05
0.352353	2.45259e-05
0.352561	2.45255e-05
0.35277	2.45251e-05
0.352978	2.45247e-05
0.353186	2.45244e-05
0.353394	2.4524e-05
0.353603	2.45236e-05
0.353811	2.45232e-05
0.354019	2.45228e-05
0.354227	2.45224e-05
0.354436	2.4522e-05
0.354644	2.45216e-05
0.354852	2.45212e-05
0.35506	2.45207e-05
0.355269	2.45203e-05
0.355477	2.45199e-05
0.355685	2.45195e-05
0.355893	2.4519e-05
0.356102	2.45186e-05
0.35631	2.45182e-05
0.356518	2.45177e-05
0.356726	2.45173e-05
0.356935	2.45168e-05
0.357143	2.45163e-05
0.357351	2.45159e-05
0.357559	2.45154e-05
0.357768	2.4515e-05
0.357976	2.45145e-05
0.358184	2.4514e-05
0.358392	2.45135e-05
0.358601	2.4513e-05
0.358809	2.45125e-05
0.359017	2.45121e-05
0.359225	2.45116e-05
0.359434	2.45111e-05
0.359642	2.45106e-05
0.35985	2.451e-05
0.360058	2.45095e-05
0.360267	2.4509e-05
0.360475	2.45085e-05
0.360683	2.4508e-05
0.360891	2.45074e-05
0.3611	2.45069e-05
0.361308	2.45064e-05
0.361516	2.45058e-05
0.361724	2.45053e-05
0.361933	2.45048e-05
0.362141	2.45042e-05
0.362349	2.45036e-05
0.362557	2.45031e-05
0.362766	2.45025e-05
0.362974	2.4502e-05
0.363182	2.45014e-05
0.36339	2.45008e-05
0.363599	2.45002e-05
0.363807	2.44997e-05
0.364015	2.44991e-05
0.364223	2.44985e-05
0.364431	2.44979e-05
0.36464	2.44973e-05
0.364848	2.44967e-05
0.365056	2.44961e-05
0.365264	2.44955e-05
0.365473	2.44949e-05
0.365681	2.44943e-05
0.365889	2.44936e-05
0.366097	2.4493e-05
0.366306	2.44924e-05
0.366514	2.44918e-05
0.366722	2.44911e-05
0.36693	2.44905e-05
0.367139	2.44898e-05
0.367347	2.44892e-05
0.367555	2.44885e-05
0.367763	2.44879e-05
0.367972	2.44872e-05
0.36818	2.44866e-05
0.368388	2.44859e-05
0.368596	2.44852e-05
0.368805	2.44846e-05
0.369013	2.44839e-05
0.369221	2.44832e-05
0.369429	2.44825e-05
0.369638	2.44819e-05
0.369846	2.44812e-05
0.370054	2.44805e-05
0.370262	2.44798e-05
0.370471	2.44791e-05
0.370679	2.44784e-05
0.370887	2.44777e-05
0.371095	2.44769e-05
0.371304	2.44762e-05
0.371512	2.44755e-05
0.37172	2.44748e-05
0.371928	2.44741e-05
0.372137	2.44733e-05
0.372345	2.44726e-05
0.372553	2.44719e-05
0.372761	2.44711e-05
0.37297	2.44704e-05
0.373178	2.44696e-05
0.373386	2.44689e-05
0.373594	2.44681e-05
0.373803	2.44674e-05
0.374011	2.44666e-05
0.374219	2.44658e-05
0.374427	2.44651e-05
0.374636	2.44643e-05
0.374844	2.44635e-05
0.375052	2.44627e-05
0.37526	2.44619e-05
0.375469	2.44612e-05
0.375677	2.44604e-05
0.375885	2.44596e-05
0.376093	2.44588e-05
0.376302	2.4458e-05
0.37651	2.44572e-05
0.376718	2.44564e-05
0.376926	2.44555e-05
0.377135	2.44547e-05
0.377343	2.44539e-05
0.377551	2.44531e-05
0.377759	2.44523e-05
0.377968	2.44514e-05
0.378176	2.44506e-05
0.378384	2.44498e-05
0.378592	2.44489e-05
0.3788	2.44481e-05
0.379009	2.44472e-05
0.379217	2.44464e-05
0.379425	2.44455e-05
0.379633	2.44447e-05
0.379842	2.44438e-05
0.38005	2.44429e-05
0.380258	2.44421e-05
0.380466	2.44412e-05
0.380675	2.44403e-05
0.380883	2.44394e-05
0.381091	2.44385e-05
0.381299	2.44377e-05
0.381508	2.44368e-05
0.381716	2.44359e-05
0.381924	2.4435e-05
0.382132	2.44341e-05
0.382341	2.44332e-05
0.382549	2.44323e-05
0.382757	2.44314e-05
0.382965	2.44304e-05
0.383174	2.44295e-05
0.383382	2.44286e-05
0.38359	2.44277e-05
0.383798	2.44267e-05
0.384007	2.44258e-05
0.384215	2.44249e-05
0.384423	2.44239e-05
0.384631	2.4423e-05
0.38484	2.44221e-05
0.385048	2.44211e-05
0.385256	2.44202e-05
0.385464	2.44192e-05
0.385673	2.44182e-05
0.385881	2.44173e-05
0.386089	2.44163e-05
0.386297	2.44154e-05
0.386506	2.44144e-05
0.386714	2.44134e-05
0.386922	2.44124e-05
0.38713	2.44114e-05
0.387339	2.44105e-05
0.387547	2.44095e-05
0.387755	2.44085e-05
0.387963	2.44075e-05
0.388172	2.44065e-05
0.38838	2.44055e-05
0.388588	2.44045e-05
0.388796	2.44035e-05
0.389005	2.44025e-05
0.389213	2.44014e-05
0.389421	2.44004e-05
0.389629	2.43994e-05
0.389838	2.43984e-05
0.390046	2.43973e-05
0.390254	2.43963e-05
0.390462	2.43953e-05
0.390671	2.43942e-05
0.390879	2.43932e-05
0.391087	2.43922e-05
0.391295	2.43911e-05
0.391504	2.43901e-05
0.391712	2.4389e-05
0.39192	2.43879e-05
0.392128	2.43869e-05
0.392337	2.43858e-05
0.392545	2.43847e-05
0.392753	2.43837e-05
0.392961	2.43826e-05
0.39317	2.43815e-05
0.393378	2.43804e-05
0.393586	2.43794e-05
0.393794	2.43783e-05
0.394002	2.43772e-05
0.394211	2.43761e-05
0.394419	2.4375e-05
0.394627	2.43739e-05
0.394835	2.43728e-05
0.395044	2.43717e-05
0.395252	2.43706e-05
0.39546	2.43695e-05
0.395668	2.43683e-05
0.395877	2.43672e-05
0.396085	2.43661e-05
0.396293	2.4365e-05
0.396501	2.43638e-05
0.39671	2.43627e-05
0.396918	2.43616e-05
0.397126	2.43604e-05
0.397334	2.43593e-05
0.397543	2.43581e-05
0.397751	2.4357e-05
0.397959	2.43558e-05
0.398167	2.43547e-05
0.398376	2.43535e-05
0.398584	2.43524e-05
0.398792	2.43512e-05
0.399	2.435e-05
0.399209	2.43489e-05
0.399417	2.43477e-05
0.399625	2.43465e-05
0.399833	2.43453e-05
0.400042	2.43442e-05
0.40025	2.4343e-05
0.400458	2.43418e-05
0.400666	2.43406e-05
0.400875	2.43394e-05
0.401083	2.43382e-05
0.401291	2.4337e-05
0.401499	2.43358e-05
0.401708	2.43346e-05
0.401916	2.43334e-05
0.402124	2.43322e-05
0.402332	2.43309e-05
0.402541	2.43297e-05
0.402749	2.43285e-05
0.402957	2.43273e-05
0.403165	2.4326e-05
0.403374	2.43248e-05
0.403582	2.43236e-05
0.40379	2.43223e-05
0.403998	2.43211e-05
0.404207	2.43198e-05
0.404415	2.43186e-05
0.404623	2.43173e-05
0.404831	2.43161e-05
0.40504	2.43148e-05
0.405248	2.43136e-05
0.405456	2.43123e-05
0.405664	2.4311e-05
0.405873	2.43098e-05
0.406081	2.43085e-05
0.406289	2.43072e-05
0.406497	2.4306e-05
0.406706	2.43047e-05
0.406914	2.43034e-05
0.407122	2.43021e-05
0.40733	2.43008e-05
0.407539	2.42995e-05
0.407747	2.42982e-05
0.407955	2.42969e-05
0.408163	2.42956e-05
0.408372	2.42943e-05
0.40858	2.4293e-05
0.408788	2.42917e-05
0.408996	2.42904e-05
0.409204	2.42891e-05
0.409413	2.42877e-05
0.409621	2.42864e-05
0.409829	2.42851e-05
0.410037	2.42838e-05
0.410246	2.42824e-05
0.410454	2.42811e-05
0.410662	2.42798e-05
0.41087	2.42784e-05
0.411079	2.42771e-05
0.411287	2.42757e-05
0.411495	2.42744e-05
0.411703	2.4273e-05
0.411912	2.42717e-05
0.41212	2.42703e-05
0.412328	2.4269e-05
0.412536	2.42676e-05
0.412745	2.42662e-05
0.412953	2.42649e-05
0.413161	2.42635e-05
0.413369	2.42621e-05
0.413578	2.42607e-05
0.413786	2.42593e-05
0.413994	2.4258e-05
0.414202	2.42566e-05
0.414411	2.42552e-05
0.414619	2.42538e-05
0.414827	2.42524e-05
0.415035	2.4251e-05
0.415244	2.42496e-05
0.415452	2.42482e-05
0.41566	2.42468e-05
0.415868	2.42454e-05
0.416077	2.4244e-05
0.416285	2.42425e-05
0.416493	2.42411e-05
0.416701	2.42397e-05
0.41691	2.42383e-05
0.417118	2.42369e-05
0.417326	2.42354e-05
0.417534	2.4234e-05
0.417743	2.42326e-05
0.417951	2.42311e-05
0.418159	2.42297e-05
0.418367	2.42282e-05
0.418576	2.42268e-05
0.418784	2.42253e-05
0.418992	2.42239e-05
0.4192	2.42224e-05
0.419409	2.4221e-05
0.419617	2.42195e-05
0.419825	2.4218e-05
0.420033	2.42166e-05
0.420242	2.42151e-05
0.42045	2.42136e-05
0.420658	2.42122e-05
0.420866	2.42107e-05
0.421075	2.42092e-05
0.421283	2.42077e-05
0.421491	2.42062e-05
0.421699	2.42047e-05
0.421908	2.42032e-05
0.422116	2.42018e-05
0.422324	2.42003e-05
0.422532	2.41988e-05
0.422741	2.41972e-05
0.422949	2.41957e-05
0.423157	2.41942e-05
0.423365	2.41927e-05
0.423574	2.41912e-05
0.423782	2.41897e-05
0.42399	2.41882e-05
0.424198	2.41867e-05
0.424406	2.41851e-05
0.424615	2.41836e-05
0.424823	2.41821e-05
0.425031	2.41805e-05
0.425239	2.4179e-05
0.425448	2.41775e-05
0.425656	2.41759e-05
0.425864	2.41744e-05
0.426072	2.41728e-05
0.426281	2.41713e-05
0.426489	2.41697e-05
0.426697	2.41682e-05
0.426905	2.41666e-05
0.427114	2.41651e-05
0.427322	2.41635e-05
0.42753	2.41619e-05
0.427738	2.41604e-05
0.427947	2.41588e-05
0.428155	2.41572e-05
0.428363	2.41556e-05
0.428571	2.41541e-05
0.42878	2.41525e-05
0.428988	2.41509e-05
0.429196	2.41493e-05
0.429404	2.41477e-05
0.429613	2.41461e-05
0.429821	2.41445e-05
0.430029	2.41429e-05
0.430237	2.41413e-05
0.430446	2.41397e-05
0.430654	2.41381e-05
0.430862	2.41365e-05
0.43107	2.41349e-05
0.431279	2.41333e-05
0.431487	2.41317e-05
0.431695	2.41301e-05
0.431903	2.41284e-05
0.432112	2.41268e-05
0.43232	2.41252e-05
0.432528	2.41236e-05
0.432736	2.41219e-05
0.432945	2.41203e-05
0.433153	2.41187e-05
0.433361	2.4117e-05
0.433569	2.41154e-05
0.433778	2.41137e-05
0.433986	2.41121e-05
0.434194	2.41104e-05
0.434402	2.41088e-05
0.434611	2.41071e-05
0.434819	2.41055e-05
0.435027	2.41038e-05
0.435235	2.41022e-05
0.435444	2.41005e-05
0.435652	2.40988e-05
0.43586	2.40972e-05
0.436068	2.40955e-05
0.436277	2.40938e-05
0.436485	2.40921e-05
0.436693	2.40904e-05
0.436901	2.40888e-05
0.43711	2.40871e-05
0.437318	2.40854e-05
0.437526	2.40837e-05
0.437734	2.4082e-05
0.437943	2.40803e-05
0.438151	2.40786e-05
0.438359	2.40769e-05
0.438567	2.40752e-05
0.438776	2.40735e-05
0.438984	2.40718e-05
0.439192	2.40701e-05
0.4394	2.40684e-05
0.439608	2.40667e-05
0.439817	2.40649e-05
0.440025	2.40632e-05
0.440233	2.40615e-05
0.440441	2.40598e-05
0.44065	2.4058e-05
0.440858	2.40563e-05
0.441066	2.40546e-05
0.441274	2.40528e-05
0.441483	2.40511e-05
0.441691	2.40494e-05
0.441899	2.40476e-05
0.442107	2.40459e-05
0.442316	2.40441e-05
0.442524	2.40424e-05
0.442732	2.40406e-05
0.44294	2.40389e-05
0.443149	2.40371e-05
0.443357	2.40354e-05
0.443565	2.40336e-05
0.443773	2.40318e-05
0.443982	2.40301e-05
0.44419	2.40283e-05
0.444398	2.40265e-05
0.444606	2.40247e-05
0.444815	2.4023e-05
0.445023	2.40212e-05
0.445231	2.40194e-05
0.445439	2.40176e-05
0.445648	2.40158e-05
0.445856	2.4014e-05
0.446064	2.40122e-05
0.446272	2.40105e-05
0.446481	2.40087e-05
0.446689	2.40069e-05
0.446897	2.40051e-05
0.447105	2.40033e-05
0.447314	2.40014e-05
0.447522	2.39996e-05
0.44773	2.39978e-05
0.447938	2.3996e-05
0.448147	2.39942e-05
0.448355	2.39924e-05
0.448563	2.39906e-05
0.448771	2.39887e-05
0.44898	2.39869e-05
0.449188	2.39851e-05
0.449396	2.39833e-05
0.449604	2.39814e-05
0.449813	2.39796e-05
0.450021	2.39778e-05
0.450229	2.39759e-05
0.450437	2.39741e-05
0.450646	2.39722e-05
0.450854	2.39704e-05
0.451062	2.39685e-05
0.45127	2.39667e-05
0.451479	2.39648e-05
0.451687	2.3963e-05
0.451895	2.39611e-05
0.452103	2.39593e-05
0.452312	2.39574e-05
0.45252	2.39555e-05
0.452728	2.39537e-05
0.452936	2.39518e-05
0.453145	2.39499e-05
0.453353	2.3948e-05
0.453561	2.39462e-05
0.453769	2.39443e-05
0.453978	2.39424e-05
0.454186	2.39405e-05
0.454394	2.39386e-05
0.454602	2.39368e-05
0.45481	2.39349e-05
0.455019	2.3933e-05
0.455227	2.39311e-05
0.455435	2.39292e-05
0.455643	2.39273e-05
0.455852	2.39254e-05
0.45606	2.39235e-05
0.456268	2.39216e-05
0.456476	2.39197e-05
0.456685	2.39178e-05
0.456893	2.39158e-05
0.457101	2.39139e-05
0.457309	2.3912e-05
0.457518	2.39101e-05
0.457726	2.39082e-05
0.457934	2.39062e-05
0.458142	2.39043e-05
0.458351	2.39024e-05
0.458559	2.39005e-05
0.458767	2.38985e-05
0.458975	2.38966e-05
0.459184	2.38946e-05
0.459392	2.38927e-05
0.4596	2.38908e-05
0.459808	2.38888e-05
0.460017	2.38869e-05
0.460225	2.38849e-05
0.460433	2.3883e-05
0.460641	2.3881e-05
0.46085	2.38791e-05
0.461058	2.38771e-05
0.461266	2.38751e-05
0.461474	2.38732e-05
0.461683	2.38712e-05
0.461891	2.38693e-05
0.462099	2.38673e-05
0.462307	2.38653e-05
0.462516	2.38633e-05
0.462724	2.38614e-05
0.462932	2.38594e-05
0.46314	2.38574e-05
0.463349	2.38554e-05
0.463557	2.38534e-05
0.463765	2.38515e-05
0.463973	2.38495e-05
0.464182	2.38475e-05
0.46439	2.38455e-05
0.464598	2.38435e-05
0.464806	2.38415e-05
0.465015	2.38395e-05
0.465223	2.38375e-05
0.465431	2.38355e-05
0.465639	2.38335e-05
0.465848	2.38315e-05
0.466056	2.38295e-05
0.466264	2.38275e-05
0.466472	2.38254e-05
0.466681	2.38234e-05
0.466889	2.38214e-05
0.467097	2.38194e-05
0.467305	2.38174e-05
0.467514	2.38153e-05
0.467722	2.38133e-05
0.46793	2.38113e-05
0.468138	2.38093e-05
0.468347	2.38072e-05
0.468555	2.38052e-05
0.468763	2.38032e-05
0.468971	2.38011e-05
0.46918	2.37991e-05
0.469388	2.3797e-05
0.469596	2.3795e-05
0.469804	2.37929e-05
0.470012	2.37909e-05
0.470221	2.37888e-05
0.470429	2.37868e-05
0.470637	2.37847e-05
0.470845	2.37827e-05
0.471054	2.37806e-05
0.471262	2.37785e-05
0.47147	2.37765e-05
0.471678	2.37744e-05
0.471887	2.37723e-05
0.472095	2.37703e-05
0.472303	2.37682e-05
0.472511	2.37661e-05
0.47272	2.3764e-05
0.472928	2.3762e-05
0.473136	2.37599e-05
0.473344	2.37578e-05
0.473553	2.37557e-05
0.473761	2.37536e-05
0.473969	2.37515e-05
0.474177	2.37494e-05
0.474386	2.37474e-05
0.474594	2.37453e-05
0.474802	2.37432e-05
0.47501	2.37411e-05
0.475219	2.3739e-05
0.475427	2.37369e-05
0.475635	2.37348e-05
0.475843	2.37326e-05
0.476052	2.37305e-05
0.47626	2.37284e-05
0.476468	2.37263e-05
0.476676	2.37242e-05
0.476885	2.37221e-05
0.477093	2.372e-05
0.477301	2.37178e-05
0.477509	2.37157e-05
0.477718	2.37136e-05
0.477926	2.37115e-05
0.478134	2.37093e-05
0.478342	2.37072e-05
0.478551	2.37051e-05
0.478759	2.37029e-05
0.478967	2.37008e-05
0.479175	2.36987e-05
0.479384	2.36965e-05
0.479592	2.36944e-05
0.4798	2.36922e-05
0.480008	2.36901e-05
0.480217	2.36879e-05
0.480425	2.36858e-05
0.480633	2.36836e-05
0.480841	2.36815e-05
0.48105	2.36793e-05
0.481258	2.36772e-05
0.481466	2.3675e-05
0.481674	2.36728e-05
0.481883	2.36707e-05
0.482091	2.36685e-05
0.482299	2.36663e-05
0.482507	2.36642e-05
0.482716	2.3662e-05
0.482924	2.36598e-05
0.483132	2.36576e-05
0.48334	2.36555e-05
0.483549	2.36533e-05
0.483757	2.36511e-05
0.483965	2.36489e-05
0.484173	2.36467e-05
0.484382	2.36445e-05
0.48459	2.36423e-05
0.484798	2.36402e-05
0.485006	2.3638e-05
0.485214	2.36358e-05
0.485423	2.36336e-05
0.485631	2.36314e-05
0.485839	2.36292e-05
0.486047	2.3627e-05
0.486256	2.36248e-05
0.486464	2.36226e-05
0.486672	2.36203e-05
0.48688	2.36181e-05
0.487089	2.36159e-05
0.487297	2.36137e-05
0.487505	2.36115e-05
0.487713	2.36093e-05
0.487922	2.3607e-05
0.48813	2.36048e-05
0.488338	2.36026e-05
0.488546	2.36004e-05
0.488755	2.35982e-05
0.488963	2.35959e-05
0.489171	2.35937e-05
0.489379	2.35915e-05
0.489588	2.35892e-05
0.489796	2.3587e-05
0.490004	2.35847e-05
0.490212	2.35825e-05
0.490421	2.35803e-05
0.490629	2.3578e-05
0.490837	2.35758e-05
0.491045	2.35735e-05
0.491254	2.35713e-05
0.491462	2.3569e-05
0.49167	2.35668e-05
0.491878	2.35645e-05
0.492087	2.35623e-05
0.492295	2.356e-05
0.492503	2.35577e-05
0.492711	2.35555e-05
0.49292	2.35532e-05
0.493128	2.35509e-05
0.493336	2.35487e-05
0.493544	2.35464e-05
0.493753	2.35441e-05
0.493961	2.35419e-05
0.494169	2.35396e-05
0.494377	2.35373e-05
0.494586	2.3535e-05
0.494794	2.35327e-05
0.495002	2.35305e-05
0.49521	2.35282e-05
0.495419	2.35259e-05
0.495627	2.35236e-05
0.495835	2.35213e-05
0.496043	2.3519e-05
0.496252	2.35167e-05
0.49646	2.35144e-05
0.496668	2.35121e-05
0.496876	2.35098e-05
0.497085	2.35075e-05
0.497293	2.35052e-05
0.497501	2.35029e-05
0.497709	2.35006e-05
0.497918	2.34983e-05
0.498126	2.3496e-05
0.498334	2.34937e-05
0.498542	2.34914e-05
0.498751	2.34891e-05
0.498959	2.34868e-05
0.499167	2.34844e-05
0.499375	2.34821e-05
0.499584	2.34798e-05
0.499792	2.34775e-05
