0	0
0.000208247	0.000267427
0.000416493	0.000267371
0.00062474	0.000267316
0.000832986	0.00026726
0.00104123	0.000267204
0.00124948	0.000267149
0.00145773	0.000267093
0.00166597	0.000267038
0.00187422	0.000266982
0.00208247	0.000266926
0.00229071	0.000266871
0.00249896	0.000266815
0.00270721	0.00026676
0.00291545	0.000266704
0.0031237	0.000266649
0.00333195	0.000266593
0.00354019	0.000266538
0.00374844	0.000266482
0.00395668	0.000266427
0.00416493	0.000266371
0.00437318	0.000266316
0.00458142	0.00026626
0.00478967	0.000266205
0.00499792	0.000266149
0.00520616	0.000266094
0.00541441	0.000266039
0.00562266	0.000265983
0.0058309	0.000265928
0.00603915	0.000265872
0.0062474	0.000265817
0.00645564	0.000265762
0.00666389	0.000265706
0.00687214	0.000265651
0.00708038	0.000265596
0.00728863	0.00026554
0.00749688	0.000265485
0.00770512	0.00026543
0.00791337	0.000265375
0.00812162	0.000265319
0.00832986	0.000265264
0.00853811	0.000265209
0.00874636	0.000265154
0.0089546	0.000265098
0.00916285	0.000265043
0.0093711	0.000264988
0.00957934	0.000264933
0.00978759	0.000264878
0.00999584	0.000264822
0.0102041	0.000264767
0.0104123	0.000264712
0.0106206	0.000264657
0.0108288	0.000264602
0.0110371	0.000264547
0.0112453	0.000264492
0.0114536	0.000264437
0.0116618	0.000264382
0.0118701	0.000264327
0.0120783	0.000264272
0.0122865	0.000264217
0.0124948	0.000264162
0.012703	0.000264107
0.0129113	0.000264052
0.0131195	0.000263997
0.0133278	0.000263942
0.013536	0.000263887
0.0137443	0.000263832
0.0139525	0.000263777
0.0141608	0.000263722
0.014369	0.000263667
0.0145773	0.000263612
0.0147855	0.000263557
0.0149938	0.000263502
0.015202	0.000263447
0.0154102	0.000263392
0.0156185	0.000263338
0.0158267	0.000263283
0.016035	0.000263228
0.0162432	0.000263173
0.0164515	0.000263118
0.0166597	0.000263064
0.016868	0.000263009
0.0170762	0.000262954
0.0172845	0.000262899
0.0174927	0.000262845
0.017701	0.00026279
0.0179092	0.000262735
0.0181175	0.00026268
0.0183257	0.000262626
0.0185339	0.000262571
0.0187422	0.000262516
0.0189504	0.000262462
0.0191587	0.000262407
0.0193669	0.000262352
0.0195752	0.000262298
0.0197834	0.000262243
0.0199917	0.000262189
0.0201999	0.000262134
0.0204082	0.000262079
0.0206164	0.000262025
0.0208247	0.00026197
0.0210329	0.000261916
0.0212411	0.000261861
0.0214494	0.000261807
0.0216576	0.000261752
0.0218659	0.000261698
0.0220741	0.000261643
0.0222824	0.000261589
0.0224906	0.000261534
0.0226989	0.00026148
0.0229071	0.000261425
0.0231154	0.000261371
0.0233236	0.000261316
0.0235319	0.000261262
0.0237401	0.000261208
0.0239484	0.000261153
0.0241566	0.000261099
0.0243648	0.000261044
0.0245731	0.00026099
0.0247813	0.000260936
0.0249896	0.000260881
0.0251978	0.000260827
0.0254061	0.000260773
0.0256143	0.000260718
0.0258226	0.000260664
0.0260308	0.00026061
0.0262391	0.000260556
0.0264473	0.000260501
0.0266556	0.000260447
0.0268638	0.000260393
0.0270721	0.000260339
0.0272803	0.000260284
0.0274885	0.00026023
0.0276968	0.000260176
0.027905	0.000260122
0.0281133	0.000260068
0.0283215	0.000260014
0.0285298	0.000259959
0.028738	0.000259905
0.0289463	0.000259851
0.0291545	0.000259797
0.0293628	0.000259743
0.029571	0.000259689
0.0297793	0.000259635
0.0299875	0.000259581
0.0301958	0.000259527
0.030404	0.000259473
0.0306122	0.000259419
0.0308205	0.000259365
0.0310287	0.000259311
0.031237	0.000259257
0.0314452	0.000259203
0.0316535	0.000259149
0.0318617	0.000259095
0.03207	0.000259041
0.0322782	0.000258987
0.0324865	0.000258933
0.0326947	0.000258879
0.032903	0.000258825
0.0331112	0.000258771
0.0333195	0.000258717
0.0335277	0.000258663
0.0337359	0.00025861
0.0339442	0.000258556
0.0341524	0.000258502
0.0343607	0.000258448
0.0345689	0.000258394
0.0347772	0.00025834
0.0349854	0.000258287
0.0351937	0.000258233
0.0354019	0.000258179
0.0356102	0.000258125
0.0358184	0.000258072
0.0360267	0.000258018
0.0362349	0.000257964
0.0364431	0.00025791
0.0366514	0.000257857
0.0368596	0.000257803
0.0370679	0.000257749
0.0372761	0.000257696
0.0374844	0.000257642
0.0376926	0.000257588
0.0379009	0.000257535
0.0381091	0.000257481
0.0383174	0.000257427
0.0385256	0.000257374
0.0387339	0.00025732
0.0389421	0.000257267
0.0391504	0.000257213
0.0393586	0.00025716
0.0395668	0.000257106
0.0397751	0.000257053
0.0399833	0.000256999
0.0401916	0.000256945
0.0403998	0.000256892
0.0406081	0.000256838
0.0408163	0.000256785
0.0410246	0.000256732
0.0412328	0.000256678
0.0414411	0.000256625
0.0416493	0.000256571
0.0418576	0.000256518
0.0420658	0.000256464
0.0422741	0.000256411
0.0424823	0.000256358
0.0426905	0.000256304
0.0428988	0.000256251
0.043107	0.000256197
0.0433153	0.000256144
0.0435235	0.000256091
0.0437318	0.000256037
0.04394	0.000255984
0.0441483	0.000255931
0.0443565	0.000255878
0.0445648	0.000255824
0.044773	0.000255771
0.0449813	0.000255718
0.0451895	0.000255664
0.0453978	0.000255611
0.045606	0.000255558
0.0458142	0.000255505
0.0460225	0.000255452
0.0462307	0.000255398
0.046439	0.000255345
0.0466472	0.000255292
0.0468555	0.000255239
0.0470637	0.000255186
0.047272	0.000255133
0.0474802	0.00025508
0.0476885	0.000255026
0.0478967	0.000254973
0.048105	0.00025492
0.0483132	0.000254867
0.0485214	0.000254814
0.0487297	0.000254761
0.0489379	0.000254708
0.0491462	0.000254655
0.0493544	0.000254602
0.0495627	0.000254549
0.0497709	0.000254496
0.0499792	0.000254443
0.0501874	0.00025439
0.0503957	0.000254337
0.0506039	0.000254284
0.0508122	0.000254231
0.0510204	0.000254178
0.0512287	0.000254125
0.0514369	0.000254072
0.0516451	0.000254019
0.0518534	0.000253966
0.0520616	0.000253914
0.0522699	0.000253861
0.0524781	0.000253808
0.0526864	0.000253755
0.0528946	0.000253702
0.0531029	0.000253649
0.0533111	0.000253596
0.0535194	0.000253544
0.0537276	0.000253491
0.0539359	0.000253438
0.0541441	0.000253385
0.0543524	0.000253333
0.0545606	0.00025328
0.0547688	0.000253227
0.0549771	0.000253174
0.0551853	0.000253122
0.0553936	0.000253069
0.0556018	0.000253016
0.0558101	0.000252964
0.0560183	0.000252911
0.0562266	0.000252858
0.0564348	0.000252806
0.0566431	0.000252753
0.0568513	0.0002527
0.0570596	0.000252648
0.0572678	0.000252595
0.0574761	0.000252542
0.0576843	0.00025249
0.0578925	0.000252437
0.0581008	0.000252385
0.058309	0.000252332
0.0585173	0.00025228
0.0587255	0.000252227
0.0589338	0.000252175
0.059142	0.000252122
0.0593503	0.00025207
0.0595585	0.000252017
0.0597668	0.000251965
0.059975	0.000251912
0.0601833	0.00025186
0.0603915	0.000251807
0.0605998	0.000251755
0.060808	0.000251702
0.0610162	0.00025165
0.0612245	0.000251598
0.0614327	0.000251545
0.061641	0.000251493
0.0618492	0.00025144
0.0620575	0.000251388
0.0622657	0.000251336
0.062474	0.000251283
0.0626822	0.000251231
0.0628905	0.000251179
0.0630987	0.000251126
0.063307	0.000251074
0.0635152	0.000251022
0.0637234	0.00025097
0.0639317	0.000250917
0.0641399	0.000250865
0.0643482	0.000250813
0.0645564	0.000250761
0.0647647	0.000250708
0.0649729	0.000250656
0.0651812	0.000250604
0.0653894	0.000250552
0.0655977	0.0002505
0.0658059	0.000250448
0.0660142	0.000250395
0.0662224	0.000250343
0.0664307	0.000250291
0.0666389	0.000250239
0.0668471	0.000250187
0.0670554	0.000250135
0.0672636	0.000250083
0.0674719	0.000250031
0.0676801	0.000249979
0.0678884	0.000249927
0.0680966	0.000249875
0.0683049	0.000249822
0.0685131	0.00024977
0.0687214	0.000249718
0.0689296	0.000249666
0.0691379	0.000249614
0.0693461	0.000249563
0.0695544	0.000249511
0.0697626	0.000249459
0.0699708	0.000249407
0.0701791	0.000249355
0.0703873	0.000249303
0.0705956	0.000249251
0.0708038	0.000249199
0.0710121	0.000249147
0.0712203	0.000249095
0.0714286	0.000249043
0.0716368	0.000248991
0.0718451	0.00024894
0.0720533	0.000248888
0.0722616	0.000248836
0.0724698	0.000248784
0.0726781	0.000248732
0.0728863	0.000248681
0.0730945	0.000248629
0.0733028	0.000248577
0.073511	0.000248525
0.0737193	0.000248474
0.0739275	0.000248422
0.0741358	0.00024837
0.074344	0.000248318
0.0745523	0.000248267
0.0747605	0.000248215
0.0749688	0.000248163
0.075177	0.000248112
0.0753853	0.00024806
0.0755935	0.000248008
0.0758017	0.000247957
0.07601	0.000247905
0.0762182	0.000247853
0.0764265	0.000247802
0.0766347	0.00024775
0.076843	0.000247699
0.0770512	0.000247647
0.0772595	0.000247595
0.0774677	0.000247544
0.077676	0.000247492
0.0778842	0.000247441
0.0780925	0.000247389
0.0783007	0.000247338
0.078509	0.000247286
0.0787172	0.000247235
0.0789254	0.000247183
0.0791337	0.000247132
0.0793419	0.00024708
0.0795502	0.000247029
0.0797584	0.000246977
0.0799667	0.000246926
0.0801749	0.000246875
0.0803832	0.000246823
0.0805914	0.000246772
0.0807997	0.00024672
0.0810079	0.000246669
0.0812162	0.000246618
0.0814244	0.000246566
0.0816327	0.000246515
0.0818409	0.000246464
0.0820491	0.000246412
0.0822574	0.000246361
0.0824656	0.00024631
0.0826739	0.000246258
0.0828821	0.000246207
0.0830904	0.000246156
0.0832986	0.000246105
0.0835069	0.000246053
0.0837151	0.000246002
0.0839234	0.000245951
0.0841316	0.0002459
0.0843399	0.000245849
0.0845481	0.000245797
0.0847564	0.000245746
0.0849646	0.000245695
0.0851728	0.000245644
0.0853811	0.000245593
0.0855893	0.000245542
0.0857976	0.00024549
0.0860058	0.000245439
0.0862141	0.000245388
0.0864223	0.000245337
0.0866306	0.000245286
0.0868388	0.000245235
0.0870471	0.000245184
0.0872553	0.000245133
0.0874636	0.000245082
0.0876718	0.000245031
0.08788	0.00024498
0.0880883	0.000244929
0.0882965	0.000244878
0.0885048	0.000244827
0.088713	0.000244776
0.0889213	0.000244725
0.0891295	0.000244674
0.0893378	0.000244623
0.089546	0.000244572
0.0897543	0.000244521
0.0899625	0.00024447
0.0901708	0.000244419
0.090379	0.000244368
0.0905873	0.000244317
0.0907955	0.000244267
0.0910037	0.000244216
0.091212	0.000244165
0.0914202	0.000244114
0.0916285	0.000244063
0.0918367	0.000244012
0.092045	0.000243962
0.0922532	0.000243911
0.0924615	0.00024386
0.0926697	0.000243809
0.092878	0.000243758
0.0930862	0.000243708
0.0932945	0.000243657
0.0935027	0.000243606
0.093711	0.000243555
0.0939192	0.000243505
0.0941274	0.000243454
0.0943357	0.000243403
0.0945439	0.000243353
0.0947522	0.000243302
0.0949604	0.000243251
0.0951687	0.000243201
0.0953769	0.00024315
0.0955852	0.000243099
0.0957934	0.000243049
0.0960017	0.000242998
0.0962099	0.000242948
0.0964182	0.000242897
0.0966264	0.000242846
0.0968347	0.000242796
0.0970429	0.000242745
0.0972511	0.000242695
0.0974594	0.000242644
0.0976676	0.000242594
0.0978759	0.000242543
0.0980841	0.000242493
0.0982924	0.000242442
0.0985006	0.000242392
0.0987089	0.000242341
0.0989171	0.000242291
0.0991254	0.00024224
0.0993336	0.00024219
0.0995419	0.000242139
0.0997501	0.000242089
0.0999584	0.000242039
0.100167	0.000241988
0.100375	0.000241938
0.100583	0.000241887
0.100791	0.000241837
0.101	0.000241787
0.101208	0.000241736
0.101416	0.000241686
0.101624	0.000241636
0.101833	0.000241585
0.102041	0.000241535
0.102249	0.000241485
0.102457	0.000241434
0.102666	0.000241384
0.102874	0.000241334
0.103082	0.000241284
0.10329	0.000241233
0.103499	0.000241183
0.103707	0.000241133
0.103915	0.000241083
0.104123	0.000241033
0.104332	0.000240982
0.10454	0.000240932
0.104748	0.000240882
0.104956	0.000240832
0.105165	0.000240782
0.105373	0.000240732
0.105581	0.000240682
0.105789	0.000240631
0.105998	0.000240581
0.106206	0.000240531
0.106414	0.000240481
0.106622	0.000240431
0.10683	0.000240381
0.107039	0.000240331
0.107247	0.000240281
0.107455	0.000240231
0.107663	0.000240181
0.107872	0.000240131
0.10808	0.000240081
0.108288	0.000240031
0.108496	0.000239981
0.108705	0.000239931
0.108913	0.000239881
0.109121	0.000239831
0.109329	0.000239781
0.109538	0.000239731
0.109746	0.000239681
0.109954	0.000239631
0.110162	0.000239581
0.110371	0.000239531
0.110579	0.000239482
0.110787	0.000239432
0.110995	0.000239382
0.111204	0.000239332
0.111412	0.000239282
0.11162	0.000239232
0.111828	0.000239183
0.112037	0.000239133
0.112245	0.000239083
0.112453	0.000239033
0.112661	0.000238983
0.11287	0.000238934
0.113078	0.000238884
0.113286	0.000238834
0.113494	0.000238784
0.113703	0.000238735
0.113911	0.000238685
0.114119	0.000238635
0.114327	0.000238586
0.114536	0.000238536
0.114744	0.000238486
0.114952	0.000238437
0.11516	0.000238387
0.115369	0.000238337
0.115577	0.000238288
0.115785	0.000238238
0.115993	0.000238188
0.116202	0.000238139
0.11641	0.000238089
0.116618	0.00023804
0.116826	0.00023799
0.117035	0.000237941
0.117243	0.000237891
0.117451	0.000237841
0.117659	0.000237792
0.117868	0.000237742
0.118076	0.000237693
0.118284	0.000237643
0.118492	0.000237594
0.118701	0.000237544
0.118909	0.000237495
0.119117	0.000237446
0.119325	0.000237396
0.119534	0.000237347
0.119742	0.000237297
0.11995	0.000237248
0.120158	0.000237198
0.120367	0.000237149
0.120575	0.0002371
0.120783	0.00023705
0.120991	0.000237001
0.1212	0.000236952
0.121408	0.000236902
0.121616	0.000236853
0.121824	0.000236804
0.122032	0.000236754
0.122241	0.000236705
0.122449	0.000236656
0.122657	0.000236606
0.122865	0.000236557
0.123074	0.000236508
0.123282	0.000236459
0.12349	0.000236409
0.123698	0.00023636
0.123907	0.000236311
0.124115	0.000236262
0.124323	0.000236213
0.124531	0.000236163
0.12474	0.000236114
0.124948	0.000236065
0.125156	0.000236016
0.125364	0.000235967
0.125573	0.000235918
0.125781	0.000235869
0.125989	0.000235819
0.126197	0.00023577
0.126406	0.000235721
0.126614	0.000235672
0.126822	0.000235623
0.12703	0.000235574
0.127239	0.000235525
0.127447	0.000235476
0.127655	0.000235427
0.127863	0.000235378
0.128072	0.000235329
0.12828	0.00023528
0.128488	0.000235231
0.128696	0.000235182
0.128905	0.000235133
0.129113	0.000235084
0.129321	0.000235035
0.129529	0.000234986
0.129738	0.000234937
0.129946	0.000234888
0.130154	0.000234839
0.130362	0.00023479
0.130571	0.000234741
0.130779	0.000234693
0.130987	0.000234644
0.131195	0.000234595
0.131404	0.000234546
0.131612	0.000234497
0.13182	0.000234448
0.132028	0.0002344
0.132237	0.000234351
0.132445	0.000234302
0.132653	0.000234253
0.132861	0.000234204
0.13307	0.000234156
0.133278	0.000234107
0.133486	0.000234058
0.133694	0.000234009
0.133903	0.000233961
0.134111	0.000233912
0.134319	0.000233863
0.134527	0.000233815
0.134736	0.000233766
0.134944	0.000233717
0.135152	0.000233669
0.13536	0.00023362
0.135569	0.000233571
0.135777	0.000233523
0.135985	0.000233474
0.136193	0.000233425
0.136401	0.000233377
0.13661	0.000233328
0.136818	0.00023328
0.137026	0.000233231
0.137234	0.000233182
0.137443	0.000233134
0.137651	0.000233085
0.137859	0.000233037
0.138067	0.000232988
0.138276	0.00023294
0.138484	0.000232891
0.138692	0.000232843
0.1389	0.000232794
0.139109	0.000232746
0.139317	0.000232697
0.139525	0.000232649
0.139733	0.0002326
0.139942	0.000232552
0.14015	0.000232504
0.140358	0.000232455
0.140566	0.000232407
0.140775	0.000232358
0.140983	0.00023231
0.141191	0.000232262
0.141399	0.000232213
0.141608	0.000232165
0.141816	0.000232117
0.142024	0.000232068
0.142232	0.00023202
0.142441	0.000231972
0.142649	0.000231923
0.142857	0.000231875
0.143065	0.000231827
0.143274	0.000231778
0.143482	0.00023173
0.14369	0.000231682
0.143898	0.000231634
0.144107	0.000231585
0.144315	0.000231537
0.144523	0.000231489
0.144731	0.000231441
0.14494	0.000231393
0.145148	0.000231344
0.145356	0.000231296
0.145564	0.000231248
0.145773	0.0002312
0.145981	0.000231152
0.146189	0.000231104
0.146397	0.000231056
0.146606	0.000231007
0.146814	0.000230959
0.147022	0.000230911
0.14723	0.000230863
0.147439	0.000230815
0.147647	0.000230767
0.147855	0.000230719
0.148063	0.000230671
0.148272	0.000230623
0.14848	0.000230575
0.148688	0.000230527
0.148896	0.000230479
0.149105	0.000230431
0.149313	0.000230383
0.149521	0.000230335
0.149729	0.000230287
0.149938	0.000230239
0.150146	0.000230191
0.150354	0.000230143
0.150562	0.000230095
0.150771	0.000230047
0.150979	0.000229999
0.151187	0.000229952
0.151395	0.000229904
0.151603	0.000229856
0.151812	0.000229808
0.15202	0.00022976
0.152228	0.000229712
0.152436	0.000229664
0.152645	0.000229617
0.152853	0.000229569
0.153061	0.000229521
0.153269	0.000229473
0.153478	0.000229425
0.153686	0.000229378
0.153894	0.00022933
0.154102	0.000229282
0.154311	0.000229234
0.154519	0.000229187
0.154727	0.000229139
0.154935	0.000229091
0.155144	0.000229043
0.155352	0.000228996
0.15556	0.000228948
0.155768	0.0002289
0.155977	0.000228853
0.156185	0.000228805
0.156393	0.000228757
0.156601	0.00022871
0.15681	0.000228662
0.157018	0.000228615
0.157226	0.000228567
0.157434	0.000228519
0.157643	0.000228472
0.157851	0.000228424
0.158059	0.000228377
0.158267	0.000228329
0.158476	0.000228282
0.158684	0.000228234
0.158892	0.000228187
0.1591	0.000228139
0.159309	0.000228092
0.159517	0.000228044
0.159725	0.000227997
0.159933	0.000227949
0.160142	0.000227902
0.16035	0.000227854
0.160558	0.000227807
0.160766	0.000227759
0.160975	0.000227712
0.161183	0.000227664
0.161391	0.000227617
0.161599	0.00022757
0.161808	0.000227522
0.162016	0.000227475
0.162224	0.000227427
0.162432	0.00022738
0.162641	0.000227333
0.162849	0.000227285
0.163057	0.000227238
0.163265	0.000227191
0.163474	0.000227143
0.163682	0.000227096
0.16389	0.000227049
0.164098	0.000227002
0.164307	0.000226954
0.164515	0.000226907
0.164723	0.00022686
0.164931	0.000226813
0.16514	0.000226765
0.165348	0.000226718
0.165556	0.000226671
0.165764	0.000226624
0.165973	0.000226577
0.166181	0.000226529
0.166389	0.000226482
0.166597	0.000226435
0.166805	0.000226388
0.167014	0.000226341
0.167222	0.000226294
0.16743	0.000226247
0.167638	0.000226199
0.167847	0.000226152
0.168055	0.000226105
0.168263	0.000226058
0.168471	0.000226011
0.16868	0.000225964
0.168888	0.000225917
0.169096	0.00022587
0.169304	0.000225823
0.169513	0.000225776
0.169721	0.000225729
0.169929	0.000225682
0.170137	0.000225635
0.170346	0.000225588
0.170554	0.000225541
0.170762	0.000225494
0.17097	0.000225447
0.171179	0.0002254
0.171387	0.000225353
0.171595	0.000225306
0.171803	0.000225259
0.172012	0.000225212
0.17222	0.000225165
0.172428	0.000225119
0.172636	0.000225072
0.172845	0.000225025
0.173053	0.000224978
0.173261	0.000224931
0.173469	0.000224884
0.173678	0.000224837
0.173886	0.000224791
0.174094	0.000224744
0.174302	0.000224697
0.174511	0.00022465
0.174719	0.000224603
0.174927	0.000224557
0.175135	0.00022451
0.175344	0.000224463
0.175552	0.000224416
0.17576	0.00022437
0.175968	0.000224323
0.176177	0.000224276
0.176385	0.00022423
0.176593	0.000224183
0.176801	0.000224136
0.17701	0.00022409
0.177218	0.000224043
0.177426	0.000223996
0.177634	0.00022395
0.177843	0.000223903
0.178051	0.000223856
0.178259	0.00022381
0.178467	0.000223763
0.178676	0.000223717
0.178884	0.00022367
0.179092	0.000223623
0.1793	0.000223577
0.179509	0.00022353
0.179717	0.000223484
0.179925	0.000223437
0.180133	0.000223391
0.180342	0.000223344
0.18055	0.000223298
0.180758	0.000223251
0.180966	0.000223205
0.181175	0.000223158
0.181383	0.000223112
0.181591	0.000223065
0.181799	0.000223019
0.182007	0.000222972
0.182216	0.000222926
0.182424	0.00022288
0.182632	0.000222833
0.18284	0.000222787
0.183049	0.00022274
0.183257	0.000222694
0.183465	0.000222648
0.183673	0.000222601
0.183882	0.000222555
0.18409	0.000222509
0.184298	0.000222462
0.184506	0.000222416
0.184715	0.00022237
0.184923	0.000222323
0.185131	0.000222277
0.185339	0.000222231
0.185548	0.000222184
0.185756	0.000222138
0.185964	0.000222092
0.186172	0.000222046
0.186381	0.000221999
0.186589	0.000221953
0.186797	0.000221907
0.187005	0.000221861
0.187214	0.000221815
0.187422	0.000221768
0.18763	0.000221722
0.187838	0.000221676
0.188047	0.00022163
0.188255	0.000221584
0.188463	0.000221538
0.188671	0.000221491
0.18888	0.000221445
0.189088	0.000221399
0.189296	0.000221353
0.189504	0.000221307
0.189713	0.000221261
0.189921	0.000221215
0.190129	0.000221169
0.190337	0.000221123
0.190546	0.000221077
0.190754	0.000221031
0.190962	0.000220985
0.19117	0.000220939
0.191379	0.000220893
0.191587	0.000220847
0.191795	0.000220801
0.192003	0.000220755
0.192212	0.000220709
0.19242	0.000220663
0.192628	0.000220617
0.192836	0.000220571
0.193045	0.000220525
0.193253	0.000220479
0.193461	0.000220433
0.193669	0.000220387
0.193878	0.000220341
0.194086	0.000220295
0.194294	0.00022025
0.194502	0.000220204
0.194711	0.000220158
0.194919	0.000220112
0.195127	0.000220066
0.195335	0.00022002
0.195544	0.000219975
0.195752	0.000219929
0.19596	0.000219883
0.196168	0.000219837
0.196377	0.000219791
0.196585	0.000219746
0.196793	0.0002197
0.197001	0.000219654
0.197209	0.000219608
0.197418	0.000219563
0.197626	0.000219517
0.197834	0.000219471
0.198042	0.000219426
0.198251	0.00021938
0.198459	0.000219334
0.198667	0.000219289
0.198875	0.000219243
0.199084	0.000219197
0.199292	0.000219152
0.1995	0.000219106
0.199708	0.00021906
0.199917	0.000219015
0.200125	0.000218969
0.200333	0.000218923
0.200541	0.000218878
0.20075	0.000218832
0.200958	0.000218787
0.201166	0.000218741
0.201374	0.000218696
0.201583	0.00021865
0.201791	0.000218605
0.201999	0.000218559
0.202207	0.000218514
0.202416	0.000218468
0.202624	0.000218423
0.202832	0.000218377
0.20304	0.000218332
0.203249	0.000218286
0.203457	0.000218241
0.203665	0.000218195
0.203873	0.00021815
0.204082	0.000218104
0.20429	0.000218059
0.204498	0.000218014
0.204706	0.000217968
0.204915	0.000217923
0.205123	0.000217877
0.205331	0.000217832
0.205539	0.000217787
0.205748	0.000217741
0.205956	0.000217696
0.206164	0.000217651
0.206372	0.000217605
0.206581	0.00021756
0.206789	0.000217515
0.206997	0.000217469
0.207205	0.000217424
0.207414	0.000217379
0.207622	0.000217334
0.20783	0.000217288
0.208038	0.000217243
0.208247	0.000217198
0.208455	0.000217153
0.208663	0.000217107
0.208871	0.000217062
0.20908	0.000217017
0.209288	0.000216972
0.209496	0.000216927
0.209704	0.000216882
0.209913	0.000216836
0.210121	0.000216791
0.210329	0.000216746
0.210537	0.000216701
0.210746	0.000216656
0.210954	0.000216611
0.211162	0.000216566
0.21137	0.00021652
0.211579	0.000216475
0.211787	0.00021643
0.211995	0.000216385
0.212203	0.00021634
0.212411	0.000216295
0.21262	0.00021625
0.212828	0.000216205
0.213036	0.00021616
0.213244	0.000216115
0.213453	0.00021607
0.213661	0.000216025
0.213869	0.00021598
0.214077	0.000215935
0.214286	0.00021589
0.214494	0.000215845
0.214702	0.0002158
0.21491	0.000215755
0.215119	0.00021571
0.215327	0.000215665
0.215535	0.000215621
0.215743	0.000215576
0.215952	0.000215531
0.21616	0.000215486
0.216368	0.000215441
0.216576	0.000215396
0.216785	0.000215351
0.216993	0.000215306
0.217201	0.000215262
0.217409	0.000215217
0.217618	0.000215172
0.217826	0.000215127
0.218034	0.000215082
0.218242	0.000215038
0.218451	0.000214993
0.218659	0.000214948
0.218867	0.000214903
0.219075	0.000214859
0.219284	0.000214814
0.219492	0.000214769
0.2197	0.000214724
0.219908	0.00021468
0.220117	0.000214635
0.220325	0.00021459
0.220533	0.000214546
0.220741	0.000214501
0.22095	0.000214456
0.221158	0.000214412
0.221366	0.000214367
0.221574	0.000214322
0.221783	0.000214278
0.221991	0.000214233
0.222199	0.000214188
0.222407	0.000214144
0.222616	0.000214099
0.222824	0.000214055
0.223032	0.00021401
0.22324	0.000213966
0.223449	0.000213921
0.223657	0.000213876
0.223865	0.000213832
0.224073	0.000213787
0.224282	0.000213743
0.22449	0.000213698
0.224698	0.000213654
0.224906	0.000213609
0.225115	0.000213565
0.225323	0.00021352
0.225531	0.000213476
0.225739	0.000213432
0.225948	0.000213387
0.226156	0.000213343
0.226364	0.000213298
0.226572	0.000213254
0.226781	0.000213209
0.226989	0.000213165
0.227197	0.000213121
0.227405	0.000213076
0.227613	0.000213032
0.227822	0.000212988
0.22803	0.000212943
0.228238	0.000212899
0.228446	0.000212855
0.228655	0.00021281
0.228863	0.000212766
0.229071	0.000212722
0.229279	0.000212677
0.229488	0.000212633
0.229696	0.000212589
0.229904	0.000212544
0.230112	0.0002125
0.230321	0.000212456
0.230529	0.000212412
0.230737	0.000212368
0.230945	0.000212323
0.231154	0.000212279
0.231362	0.000212235
0.23157	0.000212191
0.231778	0.000212146
0.231987	0.000212102
0.232195	0.000212058
0.232403	0.000212014
0.232611	0.00021197
0.23282	0.000211926
0.233028	0.000211882
0.233236	0.000211837
0.233444	0.000211793
0.233653	0.000211749
0.233861	0.000211705
0.234069	0.000211661
0.234277	0.000211617
0.234486	0.000211573
0.234694	0.000211529
0.234902	0.000211485
0.23511	0.000211441
0.235319	0.000211397
0.235527	0.000211353
0.235735	0.000211309
0.235943	0.000211265
0.236152	0.000211221
0.23636	0.000211177
0.236568	0.000211133
0.236776	0.000211089
0.236985	0.000211045
0.237193	0.000211001
0.237401	0.000210957
0.237609	0.000210913
0.237818	0.000210869
0.238026	0.000210825
0.238234	0.000210781
0.238442	0.000210737
0.238651	0.000210694
0.238859	0.00021065
0.239067	0.000210606
0.239275	0.000210562
0.239484	0.000210518
0.239692	0.000210474
0.2399	0.000210431
0.240108	0.000210387
0.240317	0.000210343
0.240525	0.000210299
0.240733	0.000210255
0.240941	0.000210212
0.24115	0.000210168
0.241358	0.000210124
0.241566	0.00021008
0.241774	0.000210036
0.241983	0.000209993
0.242191	0.000209949
0.242399	0.000209905
0.242607	0.000209862
0.242815	0.000209818
0.243024	0.000209774
0.243232	0.000209731
0.24344	0.000209687
0.243648	0.000209643
0.243857	0.0002096
0.244065	0.000209556
0.244273	0.000209512
0.244481	0.000209469
0.24469	0.000209425
0.244898	0.000209381
0.245106	0.000209338
0.245314	0.000209294
0.245523	0.000209251
0.245731	0.000209207
0.245939	0.000209164
0.246147	0.00020912
0.246356	0.000209076
0.246564	0.000209033
0.246772	0.000208989
0.24698	0.000208946
0.247189	0.000208902
0.247397	0.000208859
0.247605	0.000208815
0.247813	0.000208772
0.248022	0.000208728
0.24823	0.000208685
0.248438	0.000208641
0.248646	0.000208598
0.248855	0.000208555
0.249063	0.000208511
0.249271	0.000208468
0.249479	0.000208424
0.249688	0.000208381
0.249896	0.000208338
0.250104	0.000208294
0.250312	0.000208251
0.250521	0.000208207
0.250729	0.000208164
0.250937	0.000208121
0.251145	0.000208077
0.251354	0.000208034
0.251562	0.000207991
0.25177	0.000207947
0.251978	0.000207904
0.252187	0.000207861
0.252395	0.000207818
0.252603	0.000207774
0.252811	0.000207731
0.25302	0.000207688
0.253228	0.000207645
0.253436	0.000207601
0.253644	0.000207558
0.253853	0.000207515
0.254061	0.000207472
0.254269	0.000207428
0.254477	0.000207385
0.254686	0.000207342
0.254894	0.000207299
0.255102	0.000207256
0.25531	0.000207213
0.255519	0.000207169
0.255727	0.000207126
0.255935	0.000207083
0.256143	0.00020704
0.256352	0.000206997
0.25656	0.000206954
0.256768	0.000206911
0.256976	0.000206868
0.257185	0.000206825
0.257393	0.000206782
0.257601	0.000206738
0.257809	0.000206695
0.258017	0.000206652
0.258226	0.000206609
0.258434	0.000206566
0.258642	0.000206523
0.25885	0.00020648
0.259059	0.000206437
0.259267	0.000206394
0.259475	0.000206351
0.259683	0.000206308
0.259892	0.000206265
0.2601	0.000206222
0.260308	0.00020618
0.260516	0.000206137
0.260725	0.000206094
0.260933	0.000206051
0.261141	0.000206008
0.261349	0.000205965
0.261558	0.000205922
0.261766	0.000205879
0.261974	0.000205836
0.262182	0.000205793
0.262391	0.000205751
0.262599	0.000205708
0.262807	0.000205665
0.263015	0.000205622
0.263224	0.000205579
0.263432	0.000205536
0.26364	0.000205494
0.263848	0.000205451
0.264057	0.000205408
0.264265	0.000205365
0.264473	0.000205323
0.264681	0.00020528
0.26489	0.000205237
0.265098	0.000205194
0.265306	0.000205152
0.265514	0.000205109
0.265723	0.000205066
0.265931	0.000205024
0.266139	0.000204981
0.266347	0.000204938
0.266556	0.000204895
0.266764	0.000204853
0.266972	0.00020481
0.26718	0.000204767
0.267389	0.000204725
0.267597	0.000204682
0.267805	0.00020464
0.268013	0.000204597
0.268222	0.000204554
0.26843	0.000204512
0.268638	0.000204469
0.268846	0.000204427
0.269055	0.000204384
0.269263	0.000204342
0.269471	0.000204299
0.269679	0.000204256
0.269888	0.000204214
0.270096	0.000204171
0.270304	0.000204129
0.270512	0.000204086
0.270721	0.000204044
0.270929	0.000204001
0.271137	0.000203959
0.271345	0.000203916
0.271554	0.000203874
0.271762	0.000203832
0.27197	0.000203789
0.272178	0.000203747
0.272387	0.000203704
0.272595	0.000203662
0.272803	0.000203619
0.273011	0.000203577
0.273219	0.000203535
0.273428	0.000203492
0.273636	0.00020345
0.273844	0.000203407
0.274052	0.000203365
0.274261	0.000203323
0.274469	0.00020328
0.274677	0.000203238
0.274885	0.000203196
0.275094	0.000203153
0.275302	0.000203111
0.27551	0.000203069
0.275718	0.000203027
0.275927	0.000202984
0.276135	0.000202942
0.276343	0.0002029
0.276551	0.000202858
0.27676	0.000202815
0.276968	0.000202773
0.277176	0.000202731
0.277384	0.000202689
0.277593	0.000202646
0.277801	0.000202604
0.278009	0.000202562
0.278217	0.00020252
0.278426	0.000202478
0.278634	0.000202436
0.278842	0.000202393
0.27905	0.000202351
0.279259	0.000202309
0.279467	0.000202267
0.279675	0.000202225
0.279883	0.000202183
0.280092	0.000202141
0.2803	0.000202099
0.280508	0.000202057
0.280716	0.000202014
0.280925	0.000201972
0.281133	0.00020193
0.281341	0.000201888
0.281549	0.000201846
0.281758	0.000201804
0.281966	0.000201762
0.282174	0.00020172
0.282382	0.000201678
0.282591	0.000201636
0.282799	0.000201594
0.283007	0.000201552
0.283215	0.00020151
0.283424	0.000201468
0.283632	0.000201426
0.28384	0.000201384
0.284048	0.000201342
0.284257	0.000201301
0.284465	0.000201259
0.284673	0.000201217
0.284881	0.000201175
0.28509	0.000201133
0.285298	0.000201091
0.285506	0.000201049
0.285714	0.000201007
0.285923	0.000200965
0.286131	0.000200924
0.286339	0.000200882
0.286547	0.00020084
0.286756	0.000200798
0.286964	0.000200756
0.287172	0.000200714
0.28738	0.000200673
0.287589	0.000200631
0.287797	0.000200589
0.288005	0.000200547
0.288213	0.000200506
0.288421	0.000200464
0.28863	0.000200422
0.288838	0.00020038
0.289046	0.000200339
0.289254	0.000200297
0.289463	0.000200255
0.289671	0.000200214
0.289879	0.000200172
0.290087	0.00020013
0.290296	0.000200089
0.290504	0.000200047
0.290712	0.000200005
0.29092	0.000199964
0.291129	0.000199922
0.291337	0.00019988
0.291545	0.000199839
0.291753	0.000199797
0.291962	0.000199755
0.29217	0.000199714
0.292378	0.000199672
0.292586	0.000199631
0.292795	0.000199589
0.293003	0.000199548
0.293211	0.000199506
0.293419	0.000199464
0.293628	0.000199423
0.293836	0.000199381
0.294044	0.00019934
0.294252	0.000199298
0.294461	0.000199257
0.294669	0.000199215
0.294877	0.000199174
0.295085	0.000199132
0.295294	0.000199091
0.295502	0.00019905
0.29571	0.000199008
0.295918	0.000198967
0.296127	0.000198925
0.296335	0.000198884
0.296543	0.000198842
0.296751	0.000198801
0.29696	0.00019876
0.297168	0.000198718
0.297376	0.000198677
0.297584	0.000198635
0.297793	0.000198594
0.298001	0.000198553
0.298209	0.000198511
0.298417	0.00019847
0.298626	0.000198429
0.298834	0.000198387
0.299042	0.000198346
0.29925	0.000198305
0.299459	0.000198263
0.299667	0.000198222
0.299875	0.000198181
0.300083	0.00019814
0.300292	0.000198098
0.3005	0.000198057
0.300708	0.000198016
0.300916	0.000197975
0.301125	0.000197933
0.301333	0.000197892
0.301541	0.000197851
0.301749	0.00019781
0.301958	0.000197769
0.302166	0.000197727
0.302374	0.000197686
0.302582	0.000197645
0.302791	0.000197604
0.302999	0.000197563
0.303207	0.000197522
0.303415	0.000197481
0.303623	0.000197439
0.303832	0.000197398
0.30404	0.000197357
0.304248	0.000197316
0.304456	0.000197275
0.304665	0.000197234
0.304873	0.000197193
0.305081	0.000197152
0.305289	0.000197111
0.305498	0.00019707
0.305706	0.000197029
0.305914	0.000196988
0.306122	0.000196947
0.306331	0.000196906
0.306539	0.000196865
0.306747	0.000196824
0.306955	0.000196783
0.307164	0.000196742
0.307372	0.000196701
0.30758	0.00019666
0.307788	0.000196619
0.307997	0.000196578
0.308205	0.000196537
0.308413	0.000196496
0.308621	0.000196455
0.30883	0.000196414
0.309038	0.000196373
0.309246	0.000196332
0.309454	0.000196292
0.309663	0.000196251
0.309871	0.00019621
0.310079	0.000196169
0.310287	0.000196128
0.310496	0.000196087
0.310704	0.000196046
0.310912	0.000196006
0.31112	0.000195965
0.311329	0.000195924
0.311537	0.000195883
0.311745	0.000195842
0.311953	0.000195802
0.312162	0.000195761
0.31237	0.00019572
0.312578	0.000195679
0.312786	0.000195639
0.312995	0.000195598
0.313203	0.000195557
0.313411	0.000195516
0.313619	0.000195476
0.313828	0.000195435
0.314036	0.000195394
0.314244	0.000195354
0.314452	0.000195313
0.314661	0.000195272
0.314869	0.000195232
0.315077	0.000195191
0.315285	0.00019515
0.315494	0.00019511
0.315702	0.000195069
0.31591	0.000195028
0.316118	0.000194988
0.316327	0.000194947
0.316535	0.000194907
0.316743	0.000194866
0.316951	0.000194825
0.31716	0.000194785
0.317368	0.000194744
0.317576	0.000194704
0.317784	0.000194663
0.317993	0.000194623
0.318201	0.000194582
0.318409	0.000194542
0.318617	0.000194501
0.318825	0.000194461
0.319034	0.00019442
0.319242	0.00019438
0.31945	0.000194339
0.319658	0.000194299
0.319867	0.000194258
0.320075	0.000194218
0.320283	0.000194177
0.320491	0.000194137
0.3207	0.000194097
0.320908	0.000194056
0.321116	0.000194016
0.321324	0.000193975
0.321533	0.000193935
0.321741	0.000193895
0.321949	0.000193854
0.322157	0.000193814
0.322366	0.000193773
0.322574	0.000193733
0.322782	0.000193693
0.32299	0.000193652
0.323199	0.000193612
0.323407	0.000193572
0.323615	0.000193532
0.323823	0.000193491
0.324032	0.000193451
0.32424	0.000193411
0.324448	0.00019337
0.324656	0.00019333
0.324865	0.00019329
0.325073	0.00019325
0.325281	0.000193209
0.325489	0.000193169
0.325698	0.000193129
0.325906	0.000193089
0.326114	0.000193048
0.326322	0.000193008
0.326531	0.000192968
0.326739	0.000192928
0.326947	0.000192888
0.327155	0.000192848
0.327364	0.000192807
0.327572	0.000192767
0.32778	0.000192727
0.327988	0.000192687
0.328197	0.000192647
0.328405	0.000192607
0.328613	0.000192567
0.328821	0.000192527
0.32903	0.000192486
0.329238	0.000192446
0.329446	0.000192406
0.329654	0.000192366
0.329863	0.000192326
0.330071	0.000192286
0.330279	0.000192246
0.330487	0.000192206
0.330696	0.000192166
0.330904	0.000192126
0.331112	0.000192086
0.33132	0.000192046
0.331529	0.000192006
0.331737	0.000191966
0.331945	0.000191926
0.332153	0.000191886
0.332362	0.000191846
0.33257	0.000191806
0.332778	0.000191766
0.332986	0.000191726
0.333195	0.000191686
0.333403	0.000191647
0.333611	0.000191607
0.333819	0.000191567
0.334027	0.000191527
0.334236	0.000191487
0.334444	0.000191447
0.334652	0.000191407
0.33486	0.000191367
0.335069	0.000191328
0.335277	0.000191288
0.335485	0.000191248
0.335693	0.000191208
0.335902	0.000191168
0.33611	0.000191128
0.336318	0.000191089
0.336526	0.000191049
0.336735	0.000191009
0.336943	0.000190969
0.337151	0.00019093
0.337359	0.00019089
0.337568	0.00019085
0.337776	0.00019081
0.337984	0.000190771
0.338192	0.000190731
0.338401	0.000190691
0.338609	0.000190651
0.338817	0.000190612
0.339025	0.000190572
0.339234	0.000190532
0.339442	0.000190493
0.33965	0.000190453
0.339858	0.000190413
0.340067	0.000190374
0.340275	0.000190334
0.340483	0.000190294
0.340691	0.000190255
0.3409	0.000190215
0.341108	0.000190176
0.341316	0.000190136
0.341524	0.000190096
0.341733	0.000190057
0.341941	0.000190017
0.342149	0.000189978
0.342357	0.000189938
0.342566	0.000189899
0.342774	0.000189859
0.342982	0.000189819
0.34319	0.00018978
0.343399	0.00018974
0.343607	0.000189701
0.343815	0.000189661
0.344023	0.000189622
0.344232	0.000189582
0.34444	0.000189543
0.344648	0.000189503
0.344856	0.000189464
0.345065	0.000189425
0.345273	0.000189385
0.345481	0.000189346
0.345689	0.000189306
0.345898	0.000189267
0.346106	0.000189227
0.346314	0.000189188
0.346522	0.000189149
0.346731	0.000189109
0.346939	0.00018907
0.347147	0.000189031
0.347355	0.000188991
0.347564	0.000188952
0.347772	0.000188912
0.34798	0.000188873
0.348188	0.000188834
0.348397	0.000188794
0.348605	0.000188755
0.348813	0.000188716
0.349021	0.000188677
0.349229	0.000188637
0.349438	0.000188598
0.349646	0.000188559
0.349854	0.000188519
0.350062	0.00018848
0.350271	0.000188441
0.350479	0.000188402
0.350687	0.000188362
0.350895	0.000188323
0.351104	0.000188284
0.351312	0.000188245
0.35152	0.000188206
0.351728	0.000188166
0.351937	0.000188127
0.352145	0.000188088
0.352353	0.000188049
0.352561	0.00018801
0.35277	0.000187971
0.352978	0.000187932
0.353186	0.000187892
0.353394	0.000187853
0.353603	0.000187814
0.353811	0.000187775
0.354019	0.000187736
0.354227	0.000187697
0.354436	0.000187658
0.354644	0.000187619
0.354852	0.00018758
0.35506	0.000187541
0.355269	0.000187502
0.355477	0.000187462
0.355685	0.000187423
0.355893	0.000187384
0.356102	0.000187345
0.35631	0.000187306
0.356518	0.000187267
0.356726	0.000187228
0.356935	0.000187189
0.357143	0.00018715
0.357351	0.000187111
0.357559	0.000187072
0.357768	0.000187034
0.357976	0.000186995
0.358184	0.000186956
0.358392	0.000186917
0.358601	0.000186878
0.358809	0.000186839
0.359017	0.0001868
0.359225	0.000186761
0.359434	0.000186722
0.359642	0.000186683
0.35985	0.000186644
0.360058	0.000186606
0.360267	0.000186567
0.360475	0.000186528
0.360683	0.000186489
0.360891	0.00018645
0.3611	0.000186411
0.361308	0.000186373
0.361516	0.000186334
0.361724	0.000186295
0.361933	0.000186256
0.362141	0.000186217
0.362349	0.000186179
0.362557	0.00018614
0.362766	0.000186101
0.362974	0.000186062
0.363182	0.000186024
0.36339	0.000185985
0.363599	0.000185946
0.363807	0.000185907
0.364015	0.000185869
0.364223	0.00018583
0.364431	0.000185791
0.36464	0.000185753
0.364848	0.000185714
0.365056	0.000185675
0.365264	0.000185637
0.365473	0.000185598
0.365681	0.000185559
0.365889	0.000185521
0.366097	0.000185482
0.366306	0.000185443
0.366514	0.000185405
0.366722	0.000185366
0.36693	0.000185328
0.367139	0.000185289
0.367347	0.00018525
0.367555	0.000185212
0.367763	0.000185173
0.367972	0.000185135
0.36818	0.000185096
0.368388	0.000185058
0.368596	0.000185019
0.368805	0.000184981
0.369013	0.000184942
0.369221	0.000184904
0.369429	0.000184865
0.369638	0.000184827
0.369846	0.000184788
0.370054	0.00018475
0.370262	0.000184711
0.370471	0.000184673
0.370679	0.000184634
0.370887	0.000184596
0.371095	0.000184557
0.371304	0.000184519
0.371512	0.00018448
0.37172	0.000184442
0.371928	0.000184404
0.372137	0.000184365
0.372345	0.000184327
0.372553	0.000184288
0.372761	0.00018425
0.37297	0.000184212
0.373178	0.000184173
0.373386	0.000184135
0.373594	0.000184097
0.373803	0.000184058
0.374011	0.00018402
0.374219	0.000183982
0.374427	0.000183943
0.374636	0.000183905
0.374844	0.000183867
0.375052	0.000183829
0.37526	0.00018379
0.375469	0.000183752
0.375677	0.000183714
0.375885	0.000183675
0.376093	0.000183637
0.376302	0.000183599
0.37651	0.000183561
0.376718	0.000183523
0.376926	0.000183484
0.377135	0.000183446
0.377343	0.000183408
0.377551	0.00018337
0.377759	0.000183332
0.377968	0.000183293
0.378176	0.000183255
0.378384	0.000183217
0.378592	0.000183179
0.3788	0.000183141
0.379009	0.000183103
0.379217	0.000183064
0.379425	0.000183026
0.379633	0.000182988
0.379842	0.00018295
0.38005	0.000182912
0.380258	0.000182874
0.380466	0.000182836
0.380675	0.000182798
0.380883	0.00018276
0.381091	0.000182722
0.381299	0.000182684
0.381508	0.000182646
0.381716	0.000182608
0.381924	0.00018257
0.382132	0.000182532
0.382341	0.000182494
0.382549	0.000182456
0.382757	0.000182418
0.382965	0.00018238
0.383174	0.000182342
0.383382	0.000182304
0.38359	0.000182266
0.383798	0.000182228
0.384007	0.00018219
0.384215	0.000182152
0.384423	0.000182114
0.384631	0.000182076
0.38484	0.000182038
0.385048	0.000182
0.385256	0.000181962
0.385464	0.000181924
0.385673	0.000181886
0.385881	0.000181849
0.386089	0.000181811
0.386297	0.000181773
0.386506	0.000181735
0.386714	0.000181697
0.386922	0.000181659
0.38713	0.000181622
0.387339	0.000181584
0.387547	0.000181546
0.387755	0.000181508
0.387963	0.00018147
0.388172	0.000181433
0.38838	0.000181395
0.388588	0.000181357
0.388796	0.000181319
0.389005	0.000181281
0.389213	0.000181244
0.389421	0.000181206
0.389629	0.000181168
0.389838	0.000181131
0.390046	0.000181093
0.390254	0.000181055
0.390462	0.000181017
0.390671	0.00018098
0.390879	0.000180942
0.391087	0.000180904
0.391295	0.000180867
0.391504	0.000180829
0.391712	0.000180791
0.39192	0.000180754
0.392128	0.000180716
0.392337	0.000180678
0.392545	0.000180641
0.392753	0.000180603
0.392961	0.000180566
0.39317	0.000180528
0.393378	0.00018049
0.393586	0.000180453
0.393794	0.000180415
0.394002	0.000180378
0.394211	0.00018034
0.394419	0.000180303
0.394627	0.000180265
0.394835	0.000180228
0.395044	0.00018019
0.395252	0.000180152
0.39546	0.000180115
0.395668	0.000180077
0.395877	0.00018004
0.396085	0.000180002
0.396293	0.000179965
0.396501	0.000179928
0.39671	0.00017989
0.396918	0.000179853
0.397126	0.000179815
0.397334	0.000179778
0.397543	0.00017974
0.397751	0.000179703
0.397959	0.000179665
0.398167	0.000179628
0.398376	0.000179591
0.398584	0.000179553
0.398792	0.000179516
0.399	0.000179478
0.399209	0.000179441
0.399417	0.000179404
0.399625	0.000179366
0.399833	0.000179329
0.400042	0.000179292
0.40025	0.000179254
0.400458	0.000179217
0.400666	0.00017918
0.400875	0.000179142
0.401083	0.000179105
0.401291	0.000179068
0.401499	0.00017903
0.401708	0.000178993
0.401916	0.000178956
0.402124	0.000178919
0.402332	0.000178881
0.402541	0.000178844
0.402749	0.000178807
0.402957	0.00017877
0.403165	0.000178732
0.403374	0.000178695
0.403582	0.000178658
0.40379	0.000178621
0.403998	0.000178584
0.404207	0.000178546
0.404415	0.000178509
0.404623	0.000178472
0.404831	0.000178435
0.40504	0.000178398
0.405248	0.000178361
0.405456	0.000178324
0.405664	0.000178286
0.405873	0.000178249
0.406081	0.000178212
0.406289	0.000178175
0.406497	0.000178138
0.406706	0.000178101
0.406914	0.000178064
0.407122	0.000178027
0.40733	0.00017799
0.407539	0.000177953
0.407747	0.000177916
0.407955	0.000177878
0.408163	0.000177841
0.408372	0.000177804
0.40858	0.000177767
0.408788	0.00017773
0.408996	0.000177693
0.409204	0.000177656
0.409413	0.000177619
0.409621	0.000177582
0.409829	0.000177545
0.410037	0.000177508
0.410246	0.000177471
0.410454	0.000177434
0.410662	0.000177398
0.41087	0.000177361
0.411079	0.000177324
0.411287	0.000177287
0.411495	0.00017725
0.411703	0.000177213
0.411912	0.000177176
0.41212	0.000177139
0.412328	0.000177102
0.412536	0.000177065
0.412745	0.000177029
0.412953	0.000176992
0.413161	0.000176955
0.413369	0.000176918
0.413578	0.000176881
0.413786	0.000176844
0.413994	0.000176807
0.414202	0.000176771
0.414411	0.000176734
0.414619	0.000176697
0.414827	0.00017666
0.415035	0.000176623
0.415244	0.000176587
0.415452	0.00017655
0.41566	0.000176513
0.415868	0.000176476
0.416077	0.00017644
0.416285	0.000176403
0.416493	0.000176366
0.416701	0.000176329
0.41691	0.000176293
0.417118	0.000176256
0.417326	0.000176219
0.417534	0.000176183
0.417743	0.000176146
0.417951	0.000176109
0.418159	0.000176073
0.418367	0.000176036
0.418576	0.000175999
0.418784	0.000175963
0.418992	0.000175926
0.4192	0.000175889
0.419409	0.000175853
0.419617	0.000175816
0.419825	0.00017578
0.420033	0.000175743
0.420242	0.000175706
0.42045	0.00017567
0.420658	0.000175633
0.420866	0.000175597
0.421075	0.00017556
0.421283	0.000175523
0.421491	0.000175487
0.421699	0.00017545
0.421908	0.000175414
0.422116	0.000175377
0.422324	0.000175341
0.422532	0.000175304
0.422741	0.000175268
0.422949	0.000175231
0.423157	0.000175195
0.423365	0.000175158
0.423574	0.000175122
0.423782	0.000175085
0.42399	0.000175049
0.424198	0.000175012
0.424406	0.000174976
0.424615	0.00017494
0.424823	0.000174903
0.425031	0.000174867
0.425239	0.00017483
0.425448	0.000174794
0.425656	0.000174758
0.425864	0.000174721
0.426072	0.000174685
0.426281	0.000174648
0.426489	0.000174612
0.426697	0.000174576
0.426905	0.000174539
0.427114	0.000174503
0.427322	0.000174467
0.42753	0.00017443
0.427738	0.000174394
0.427947	0.000174358
0.428155	0.000174321
0.428363	0.000174285
0.428571	0.000174249
0.42878	0.000174212
0.428988	0.000174176
0.429196	0.00017414
0.429404	0.000174104
0.429613	0.000174067
0.429821	0.000174031
0.430029	0.000173995
0.430237	0.000173959
0.430446	0.000173923
0.430654	0.000173886
0.430862	0.00017385
0.43107	0.000173814
0.431279	0.000173778
0.431487	0.000173742
0.431695	0.000173705
0.431903	0.000173669
0.432112	0.000173633
0.43232	0.000173597
0.432528	0.000173561
0.432736	0.000173525
0.432945	0.000173488
0.433153	0.000173452
0.433361	0.000173416
0.433569	0.00017338
0.433778	0.000173344
0.433986	0.000173308
0.434194	0.000173272
0.434402	0.000173236
0.434611	0.0001732
0.434819	0.000173164
0.435027	0.000173128
0.435235	0.000173091
0.435444	0.000173055
0.435652	0.000173019
0.43586	0.000172983
0.436068	0.000172947
0.436277	0.000172911
0.436485	0.000172875
0.436693	0.000172839
0.436901	0.000172803
0.43711	0.000172767
0.437318	0.000172731
0.437526	0.000172695
0.437734	0.000172659
0.437943	0.000172624
0.438151	0.000172588
0.438359	0.000172552
0.438567	0.000172516
0.438776	0.00017248
0.438984	0.000172444
0.439192	0.000172408
0.4394	0.000172372
0.439608	0.000172336
0.439817	0.0001723
0.440025	0.000172264
0.440233	0.000172229
0.440441	0.000172193
0.44065	0.000172157
0.440858	0.000172121
0.441066	0.000172085
0.441274	0.000172049
0.441483	0.000172013
0.441691	0.000171978
0.441899	0.000171942
0.442107	0.000171906
0.442316	0.00017187
0.442524	0.000171834
0.442732	0.000171799
0.44294	0.000171763
0.443149	0.000171727
0.443357	0.000171691
0.443565	0.000171656
0.443773	0.00017162
0.443982	0.000171584
0.44419	0.000171548
0.444398	0.000171513
0.444606	0.000171477
0.444815	0.000171441
0.445023	0.000171406
0.445231	0.00017137
0.445439	0.000171334
0.445648	0.000171299
0.445856	0.000171263
0.446064	0.000171227
0.446272	0.000171192
0.446481	0.000171156
0.446689	0.00017112
0.446897	0.000171085
0.447105	0.000171049
0.447314	0.000171013
0.447522	0.000170978
0.44773	0.000170942
0.447938	0.000170907
0.448147	0.000170871
0.448355	0.000170835
0.448563	0.0001708
0.448771	0.000170764
0.44898	0.000170729
0.449188	0.000170693
0.449396	0.000170658
0.449604	0.000170622
0.449813	0.000170587
0.450021	0.000170551
0.450229	0.000170516
0.450437	0.00017048
0.450646	0.000170445
0.450854	0.000170409
0.451062	0.000170374
0.45127	0.000170338
0.451479	0.000170303
0.451687	0.000170267
0.451895	0.000170232
0.452103	0.000170196
0.452312	0.000170161
0.45252	0.000170125
0.452728	0.00017009
0.452936	0.000170055
0.453145	0.000170019
0.453353	0.000169984
0.453561	0.000169948
0.453769	0.000169913
0.453978	0.000169878
0.454186	0.000169842
0.454394	0.000169807
0.454602	0.000169771
0.45481	0.000169736
0.455019	0.000169701
0.455227	0.000169665
0.455435	0.00016963
0.455643	0.000169595
0.455852	0.000169559
0.45606	0.000169524
0.456268	0.000169489
0.456476	0.000169454
0.456685	0.000169418
0.456893	0.000169383
0.457101	0.000169348
0.457309	0.000169312
0.457518	0.000169277
0.457726	0.000169242
0.457934	0.000169207
0.458142	0.000169172
0.458351	0.000169136
0.458559	0.000169101
0.458767	0.000169066
0.458975	0.000169031
0.459184	0.000168995
0.459392	0.00016896
0.4596	0.000168925
0.459808	0.00016889
0.460017	0.000168855
0.460225	0.00016882
0.460433	0.000168784
0.460641	0.000168749
0.46085	0.000168714
0.461058	0.000168679
0.461266	0.000168644
0.461474	0.000168609
0.461683	0.000168574
0.461891	0.000168539
0.462099	0.000168503
0.462307	0.000168468
0.462516	0.000168433
0.462724	0.000168398
0.462932	0.000168363
0.46314	0.000168328
0.463349	0.000168293
0.463557	0.000168258
0.463765	0.000168223
0.463973	0.000168188
0.464182	0.000168153
0.46439	0.000168118
0.464598	0.000168083
0.464806	0.000168048
0.465015	0.000168013
0.465223	0.000167978
0.465431	0.000167943
0.465639	0.000167908
0.465848	0.000167873
0.466056	0.000167838
0.466264	0.000167803
0.466472	0.000167768
0.466681	0.000167733
0.466889	0.000167698
0.467097	0.000167663
0.467305	0.000167628
0.467514	0.000167594
0.467722	0.000167559
0.46793	0.000167524
0.468138	0.000167489
0.468347	0.000167454
0.468555	0.000167419
0.468763	0.000167384
0.468971	0.000167349
0.46918	0.000167315
0.469388	0.00016728
0.469596	0.000167245
0.469804	0.00016721
0.470012	0.000167175
0.470221	0.00016714
0.470429	0.000167106
0.470637	0.000167071
0.470845	0.000167036
0.471054	0.000167001
0.471262	0.000166967
0.47147	0.000166932
0.471678	0.000166897
0.471887	0.000166862
0.472095	0.000166828
0.472303	0.000166793
0.472511	0.000166758
0.47272	0.000166723
0.472928	0.000166689
0.473136	0.000166654
0.473344	0.000166619
0.473553	0.000166585
0.473761	0.00016655
0.473969	0.000166515
0.474177	0.00016648
0.474386	0.000166446
0.474594	0.000166411
0.474802	0.000166377
0.47501	0.000166342
0.475219	0.000166307
0.475427	0.000166273
0.475635	0.000166238
0.475843	0.000166203
0.476052	0.000166169
0.47626	0.000166134
0.476468	0.0001661
0.476676	0.000166065
0.476885	0.00016603
0.477093	0.000165996
0.477301	0.000165961
0.477509	0.000165927
0.477718	0.000165892
0.477926	0.000165858
0.478134	0.000165823
0.478342	0.000165789
0.478551	0.000165754
0.478759	0.00016572
0.478967	0.000165685
0.479175	0.000165651
0.479384	0.000165616
0.479592	0.000165582
0.4798	0.000165547
0.480008	0.000165513
0.480217	0.000165478
0.480425	0.000165444
0.480633	0.000165409
0.480841	0.000165375
0.48105	0.00016534
0.481258	0.000165306
0.481466	0.000165271
0.481674	0.000165237
0.481883	0.000165203
0.482091	0.000165168
0.482299	0.000165134
0.482507	0.000165099
0.482716	0.000165065
0.482924	0.000165031
0.483132	0.000164996
0.48334	0.000164962
0.483549	0.000164928
0.483757	0.000164893
0.483965	0.000164859
0.484173	0.000164825
0.484382	0.00016479
0.48459	0.000164756
0.484798	0.000164722
0.485006	0.000164687
0.485214	0.000164653
0.485423	0.000164619
0.485631	0.000164585
0.485839	0.00016455
0.486047	0.000164516
0.486256	0.000164482
0.486464	0.000164448
0.486672	0.000164413
0.48688	0.000164379
0.487089	0.000164345
0.487297	0.000164311
0.487505	0.000164276
0.487713	0.000164242
0.487922	0.000164208
0.48813	0.000164174
0.488338	0.00016414
0.488546	0.000164105
0.488755	0.000164071
0.488963	0.000164037
0.489171	0.000164003
0.489379	0.000163969
0.489588	0.000163935
0.489796	0.000163901
0.490004	0.000163866
0.490212	0.000163832
0.490421	0.000163798
0.490629	0.000163764
0.490837	0.00016373
0.491045	0.000163696
0.491254	0.000163662
0.491462	0.000163628
0.49167	0.000163594
0.491878	0.00016356
0.492087	0.000163525
0.492295	0.000163491
0.492503	0.000163457
0.492711	0.000163423
0.49292	0.000163389
0.493128	0.000163355
0.493336	0.000163321
0.493544	0.000163287
0.493753	0.000163253
0.493961	0.000163219
0.494169	0.000163185
0.494377	0.000163151
0.494586	0.000163117
0.494794	0.000163083
0.495002	0.000163049
0.49521	0.000163015
0.495419	0.000162982
0.495627	0.000162948
0.495835	0.000162914
0.496043	0.00016288
0.496252	0.000162846
0.49646	0.000162812
0.496668	0.000162778
0.496876	0.000162744
0.497085	0.00016271
0.497293	0.000162676
0.497501	0.000162642
0.497709	0.000162609
0.497918	0.000162575
0.498126	0.000162541
0.498334	0.000162507
0.498542	0.000162473
0.498751	0.000162439
0.498959	0.000162406
0.499167	0.000162372
0.499375	0.000162338
0.499584	0.000162304
0.499792	0.00016227
