0	0
0.000208247	9.26356e-07
0.000416493	1.52509e-06
0.00062474	1.9607e-06
0.000832986	2.30601e-06
0.00104123	2.5958e-06
0.00124948	2.84813e-06
0.00145773	3.07328e-06
0.00166597	3.27759e-06
0.00187422	3.46526e-06
0.00208247	3.63922e-06
0.00229071	3.80164e-06
0.00249896	3.95416e-06
0.00270721	4.09807e-06
0.00291545	4.23439e-06
0.0031237	4.36396e-06
0.00333195	4.48748e-06
0.00354019	4.60552e-06
0.00374844	4.7186e-06
0.00395668	4.82713e-06
0.00416493	4.93147e-06
0.00437318	5.03196e-06
0.00458142	5.12887e-06
0.00478967	5.22245e-06
0.00499792	5.31293e-06
0.00520616	5.40051e-06
0.00541441	5.48535e-06
0.00562266	5.56763e-06
0.0058309	5.64749e-06
0.00603915	5.72506e-06
0.0062474	5.80046e-06
0.00645564	5.87381e-06
0.00666389	5.94521e-06
0.00687214	6.01475e-06
0.00708038	6.08251e-06
0.00728863	6.14858e-06
0.00749688	6.21303e-06
0.00770512	6.27593e-06
0.00791337	6.33735e-06
0.00812162	6.39734e-06
0.00832986	6.45597e-06
0.00853811	6.51328e-06
0.00874636	6.56932e-06
0.0089546	6.62415e-06
0.00916285	6.6778e-06
0.0093711	6.73031e-06
0.00957934	6.78173e-06
0.00978759	6.83209e-06
0.00999584	6.88143e-06
0.0102041	6.92978e-06
0.0104123	6.97716e-06
0.0106206	7.02362e-06
0.0108288	7.06918e-06
0.0110371	7.11386e-06
0.0112453	7.15769e-06
0.0114536	7.2007e-06
0.0116618	7.24291e-06
0.0118701	7.28434e-06
0.0120783	7.32501e-06
0.0122865	7.36495e-06
0.0124948	7.40416e-06
0.012703	7.44268e-06
0.0129113	7.48052e-06
0.0131195	7.51769e-06
0.0133278	7.55422e-06
0.013536	7.59011e-06
0.0137443	7.62539e-06
0.0139525	7.66006e-06
0.0141608	7.69415e-06
0.014369	7.72766e-06
0.0145773	7.76062e-06
0.0147855	7.79302e-06
0.0149938	7.82489e-06
0.015202	7.85623e-06
0.0154102	7.88706e-06
0.0156185	7.91738e-06
0.0158267	7.94722e-06
0.016035	7.97657e-06
0.0162432	8.00545e-06
0.0164515	8.03387e-06
0.0166597	8.06184e-06
0.016868	8.08936e-06
0.0170762	8.11644e-06
0.0172845	8.1431e-06
0.0174927	8.16934e-06
0.017701	8.19517e-06
0.0179092	8.2206e-06
0.0181175	8.24563e-06
0.0183257	8.27027e-06
0.0185339	8.29453e-06
0.0187422	8.31841e-06
0.0189504	8.34193e-06
0.0191587	8.36508e-06
0.0193669	8.38788e-06
0.0195752	8.41033e-06
0.0197834	8.43244e-06
0.0199917	8.45421e-06
0.0201999	8.47565e-06
0.0204082	8.49676e-06
0.0206164	8.51755e-06
0.0208247	8.53803e-06
0.0210329	8.55819e-06
0.0212411	8.57805e-06
0.0214494	8.5976e-06
0.0216576	8.61686e-06
0.0218659	8.63583e-06
0.0220741	8.65451e-06
0.0222824	8.67291e-06
0.0224906	8.69103e-06
0.0226989	8.70888e-06
0.0229071	8.72645e-06
0.0231154	8.74376e-06
0.0233236	8.76081e-06
0.0235319	8.7776e-06
0.0237401	8.79413e-06
0.0239484	8.81041e-06
0.0241566	8.82645e-06
0.0243648	8.84224e-06
0.0245731	8.85778e-06
0.0247813	8.87309e-06
0.0249896	8.88817e-06
0.0251978	8.90302e-06
0.0254061	8.91764e-06
0.0256143	8.93203e-06
0.0258226	8.9462e-06
0.0260308	8.96015e-06
0.0262391	8.97389e-06
0.0264473	8.98741e-06
0.0266556	9.00072e-06
0.0268638	9.01383e-06
0.0270721	9.02673e-06
0.0272803	9.03943e-06
0.0274885	9.05192e-06
0.0276968	9.06422e-06
0.027905	9.07633e-06
0.0281133	9.08824e-06
0.0283215	9.09996e-06
0.0285298	9.1115e-06
0.028738	9.12284e-06
0.0289463	9.13401e-06
0.0291545	9.14499e-06
0.0293628	9.1558e-06
0.029571	9.16643e-06
0.0297793	9.17688e-06
0.0299875	9.18716e-06
0.0301958	9.19727e-06
0.030404	9.20721e-06
0.0306122	9.21699e-06
0.0308205	9.2266e-06
0.0310287	9.23604e-06
0.031237	9.24533e-06
0.0314452	9.25446e-06
0.0316535	9.26343e-06
0.0318617	9.27224e-06
0.03207	9.2809e-06
0.0322782	9.2894e-06
0.0324865	9.29776e-06
0.0326947	9.30597e-06
0.032903	9.31403e-06
0.0331112	9.32194e-06
0.0333195	9.32971e-06
0.0335277	9.33734e-06
0.0337359	9.34482e-06
0.0339442	9.35217e-06
0.0341524	9.35937e-06
0.0343607	9.36644e-06
0.0345689	9.37338e-06
0.0347772	9.38018e-06
0.0349854	9.38685e-06
0.0351937	9.39339e-06
0.0354019	9.3998e-06
0.0356102	9.40608e-06
0.0358184	9.41223e-06
0.0360267	9.41825e-06
0.0362349	9.42416e-06
0.0364431	9.42993e-06
0.0366514	9.43559e-06
0.0368596	9.44112e-06
0.0370679	9.44654e-06
0.0372761	9.45184e-06
0.0374844	9.45702e-06
0.0376926	9.46208e-06
0.0379009	9.46703e-06
0.0381091	9.47186e-06
0.0383174	9.47658e-06
0.0385256	9.48119e-06
0.0387339	9.48569e-06
0.0389421	9.49008e-06
0.0391504	9.49436e-06
0.0393586	9.49853e-06
0.0395668	9.5026e-06
0.0397751	9.50656e-06
0.0399833	9.51041e-06
0.0401916	9.51416e-06
0.0403998	9.51781e-06
0.0406081	9.52136e-06
0.0408163	9.52481e-06
0.0410246	9.52815e-06
0.0412328	9.5314e-06
0.0414411	9.53455e-06
0.0416493	9.53761e-06
0.0418576	9.54056e-06
0.0420658	9.54342e-06
0.0422741	9.54619e-06
0.0424823	9.54886e-06
0.0426905	9.55145e-06
0.0428988	9.55393e-06
0.043107	9.55633e-06
0.0433153	9.55864e-06
0.0435235	9.56086e-06
0.0437318	9.56299e-06
0.04394	9.56503e-06
0.0441483	9.56698e-06
0.0443565	9.56885e-06
0.0445648	9.57063e-06
0.044773	9.57233e-06
0.0449813	9.57394e-06
0.0451895	9.57547e-06
0.0453978	9.57692e-06
0.045606	9.57828e-06
0.0458142	9.57957e-06
0.0460225	9.58077e-06
0.0462307	9.58189e-06
0.046439	9.58294e-06
0.0466472	9.5839e-06
0.0468555	9.58479e-06
0.0470637	9.5856e-06
0.047272	9.58633e-06
0.0474802	9.58699e-06
0.0476885	9.58758e-06
0.0478967	9.58808e-06
0.048105	9.58852e-06
0.0483132	9.58888e-06
0.0485214	9.58917e-06
0.0487297	9.58938e-06
0.0489379	9.58953e-06
0.0491462	9.5896e-06
0.0493544	9.58961e-06
0.0495627	9.58954e-06
0.0497709	9.5894e-06
0.0499792	9.5892e-06
0.0501874	9.58893e-06
0.0503957	9.58859e-06
0.0506039	9.58818e-06
0.0508122	9.58771e-06
0.0510204	9.58717e-06
0.0512287	9.58657e-06
0.0514369	9.5859e-06
0.0516451	9.58516e-06
0.0518534	9.58437e-06
0.0520616	9.58351e-06
0.0522699	9.58259e-06
0.0524781	9.5816e-06
0.0526864	9.58055e-06
0.0528946	9.57945e-06
0.0531029	9.57828e-06
0.0533111	9.57705e-06
0.0535194	9.57576e-06
0.0537276	9.57442e-06
0.0539359	9.57301e-06
0.0541441	9.57155e-06
0.0543524	9.57002e-06
0.0545606	9.56844e-06
0.0547688	9.56681e-06
0.0549771	9.56511e-06
0.0551853	9.56337e-06
0.0553936	9.56156e-06
0.0556018	9.5597e-06
0.0558101	9.55779e-06
0.0560183	9.55582e-06
0.0562266	9.5538e-06
0.0564348	9.55172e-06
0.0566431	9.54959e-06
0.0568513	9.54741e-06
0.0570596	9.54518e-06
0.0572678	9.54289e-06
0.0574761	9.54056e-06
0.0576843	9.53817e-06
0.0578925	9.53573e-06
0.0581008	9.53325e-06
0.058309	9.53071e-06
0.0585173	9.52812e-06
0.0587255	9.52549e-06
0.0589338	9.5228e-06
0.059142	9.52007e-06
0.0593503	9.51729e-06
0.0595585	9.51446e-06
0.0597668	9.51159e-06
0.059975	9.50867e-06
0.0601833	9.5057e-06
0.0603915	9.50268e-06
0.0605998	9.49963e-06
0.060808	9.49652e-06
0.0610162	9.49337e-06
0.0612245	9.49018e-06
0.0614327	9.48694e-06
0.061641	9.48366e-06
0.0618492	9.48033e-06
0.0620575	9.47696e-06
0.0622657	9.47355e-06
0.062474	9.4701e-06
0.0626822	9.4666e-06
0.0628905	9.46306e-06
0.0630987	9.45948e-06
0.063307	9.45586e-06
0.0635152	9.4522e-06
0.0637234	9.44849e-06
0.0639317	9.44475e-06
0.0641399	9.44097e-06
0.0643482	9.43715e-06
0.0645564	9.43328e-06
0.0647647	9.42938e-06
0.0649729	9.42544e-06
0.0651812	9.42146e-06
0.0653894	9.41745e-06
0.0655977	9.41339e-06
0.0658059	9.4093e-06
0.0660142	9.40517e-06
0.0662224	9.40101e-06
0.0664307	9.3968e-06
0.0666389	9.39256e-06
0.0668471	9.38829e-06
0.0670554	9.38398e-06
0.0672636	9.37963e-06
0.0674719	9.37525e-06
0.0676801	9.37083e-06
0.0678884	9.36638e-06
0.0680966	9.36189e-06
0.0683049	9.35737e-06
0.0685131	9.35281e-06
0.0687214	9.34823e-06
0.0689296	9.3436e-06
0.0691379	9.33895e-06
0.0693461	9.33426e-06
0.0695544	9.32954e-06
0.0697626	9.32479e-06
0.0699708	9.32e-06
0.0701791	9.31518e-06
0.0703873	9.31033e-06
0.0705956	9.30545e-06
0.0708038	9.30054e-06
0.0710121	9.2956e-06
0.0712203	9.29062e-06
0.0714286	9.28562e-06
0.0716368	9.28058e-06
0.0718451	9.27552e-06
0.0720533	9.27043e-06
0.0722616	9.2653e-06
0.0724698	9.26015e-06
0.0726781	9.25497e-06
0.0728863	9.24976e-06
0.0730945	9.24452e-06
0.0733028	9.23925e-06
0.073511	9.23395e-06
0.0737193	9.22863e-06
0.0739275	9.22327e-06
0.0741358	9.21789e-06
0.074344	9.21249e-06
0.0745523	9.20705e-06
0.0747605	9.20159e-06
0.0749688	9.1961e-06
0.075177	9.19059e-06
0.0753853	9.18505e-06
0.0755935	9.17948e-06
0.0758017	9.17389e-06
0.07601	9.16827e-06
0.0762182	9.16263e-06
0.0764265	9.15696e-06
0.0766347	9.15127e-06
0.076843	9.14555e-06
0.0770512	9.1398e-06
0.0772595	9.13403e-06
0.0774677	9.12824e-06
0.077676	9.12243e-06
0.0778842	9.11659e-06
0.0780925	9.11072e-06
0.0783007	9.10483e-06
0.078509	9.09892e-06
0.0787172	9.09299e-06
0.0789254	9.08703e-06
0.0791337	9.08105e-06
0.0793419	9.07505e-06
0.0795502	9.07314e-06
0.0797584	9.08533e-06
0.0799667	9.09747e-06
0.0801749	9.10958e-06
0.0803832	9.12166e-06
0.0805914	9.13369e-06
0.0807997	9.14569e-06
0.0810079	9.15766e-06
0.0812162	9.16959e-06
0.0814244	9.18148e-06
0.0816327	9.19334e-06
0.0818409	9.20516e-06
0.0820491	9.21695e-06
0.0822574	9.2287e-06
0.0824656	9.24041e-06
0.0826739	9.2521e-06
0.0828821	9.26374e-06
0.0830904	9.27535e-06
0.0832986	9.28693e-06
0.0835069	9.29847e-06
0.0837151	9.30998e-06
0.0839234	9.32146e-06
0.0841316	9.3329e-06
0.0843399	9.3443e-06
0.0845481	9.35568e-06
0.0847564	9.36702e-06
0.0849646	9.37832e-06
0.0851728	9.3896e-06
0.0853811	9.40084e-06
0.0855893	9.41204e-06
0.0857976	9.42322e-06
0.0860058	9.43436e-06
0.0862141	9.44547e-06
0.0864223	9.45654e-06
0.0866306	9.46759e-06
0.0868388	9.4786e-06
0.0870471	9.48958e-06
0.0872553	9.50053e-06
0.0874636	9.51144e-06
0.0876718	9.52233e-06
0.08788	9.53318e-06
0.0880883	9.544e-06
0.0882965	9.55479e-06
0.0885048	9.56555e-06
0.088713	9.57628e-06
0.0889213	9.58697e-06
0.0891295	9.59764e-06
0.0893378	9.60827e-06
0.089546	9.61888e-06
0.0897543	9.62945e-06
0.0899625	9.64e-06
0.0901708	9.65051e-06
0.090379	9.66099e-06
0.0905873	9.67145e-06
0.0907955	9.68187e-06
0.0910037	9.69226e-06
0.091212	9.70263e-06
0.0914202	9.71296e-06
0.0916285	9.72327e-06
0.0918367	9.73354e-06
0.092045	9.74379e-06
0.0922532	9.75401e-06
0.0924615	9.7642e-06
0.0926697	9.77436e-06
0.092878	9.78449e-06
0.0930862	9.79459e-06
0.0932945	9.80466e-06
0.0935027	9.81471e-06
0.093711	9.82473e-06
0.0939192	9.83471e-06
0.0941274	9.84468e-06
0.0943357	9.85461e-06
0.0945439	9.86451e-06
0.0947522	9.87439e-06
0.0949604	9.88424e-06
0.0951687	9.89406e-06
0.0953769	9.90386e-06
0.0955852	9.91363e-06
0.0957934	9.92337e-06
0.0960017	9.93308e-06
0.0962099	9.94277e-06
0.0964182	9.95242e-06
0.0966264	9.96206e-06
0.0968347	9.97166e-06
0.0970429	9.98124e-06
0.0972511	9.99079e-06
0.0974594	1.00003e-05
0.0976676	1.00098e-05
0.0978759	1.00193e-05
0.0980841	1.00287e-05
0.0982924	1.00382e-05
0.0985006	1.00476e-05
0.0987089	1.00569e-05
0.0989171	1.00663e-05
0.0991254	1.00756e-05
0.0993336	1.00849e-05
0.0995419	1.00942e-05
0.0997501	1.01034e-05
0.0999584	1.01126e-05
0.100167	1.01218e-05
0.100375	1.0131e-05
0.100583	1.01401e-05
0.100791	1.01492e-05
0.101	1.01583e-05
0.101208	1.01674e-05
0.101416	1.01764e-05
0.101624	1.01855e-05
0.101833	1.01944e-05
0.102041	1.02034e-05
0.102249	1.02124e-05
0.102457	1.02213e-05
0.102666	1.02302e-05
0.102874	1.02391e-05
0.103082	1.02479e-05
0.10329	1.02567e-05
0.103499	1.02655e-05
0.103707	1.02743e-05
0.103915	1.02831e-05
0.104123	1.02918e-05
0.104332	1.03005e-05
0.10454	1.03092e-05
0.104748	1.03179e-05
0.104956	1.03265e-05
0.105165	1.03351e-05
0.105373	1.03437e-05
0.105581	1.03523e-05
0.105789	1.03608e-05
0.105998	1.03693e-05
0.106206	1.03778e-05
0.106414	1.03863e-05
0.106622	1.03948e-05
0.10683	1.04032e-05
0.107039	1.04116e-05
0.107247	1.042e-05
0.107455	1.04284e-05
0.107663	1.04367e-05
0.107872	1.04451e-05
0.10808	1.04534e-05
0.108288	1.04616e-05
0.108496	1.04699e-05
0.108705	1.04781e-05
0.108913	1.04864e-05
0.109121	1.04945e-05
0.109329	1.05027e-05
0.109538	1.05109e-05
0.109746	1.0519e-05
0.109954	1.05271e-05
0.110162	1.05352e-05
0.110371	1.05433e-05
0.110579	1.05513e-05
0.110787	1.05593e-05
0.110995	1.05673e-05
0.111204	1.05753e-05
0.111412	1.05833e-05
0.11162	1.05912e-05
0.111828	1.05992e-05
0.112037	1.06071e-05
0.112245	1.06149e-05
0.112453	1.06228e-05
0.112661	1.06306e-05
0.11287	1.06385e-05
0.113078	1.06463e-05
0.113286	1.0654e-05
0.113494	1.06618e-05
0.113703	1.06695e-05
0.113911	1.06773e-05
0.114119	1.0685e-05
0.114327	1.06926e-05
0.114536	1.07003e-05
0.114744	1.07079e-05
0.114952	1.07156e-05
0.11516	1.07232e-05
0.115369	1.07308e-05
0.115577	1.07383e-05
0.115785	1.07459e-05
0.115993	1.07534e-05
0.116202	1.07609e-05
0.11641	1.07684e-05
0.116618	1.07759e-05
0.116826	1.07833e-05
0.117035	1.07907e-05
0.117243	1.07981e-05
0.117451	1.08055e-05
0.117659	1.08129e-05
0.117868	1.08203e-05
0.118076	1.08276e-05
0.118284	1.08349e-05
0.118492	1.08422e-05
0.118701	1.08495e-05
0.118909	1.08568e-05
0.119117	1.0864e-05
0.119325	1.08713e-05
0.119534	1.08785e-05
0.119742	1.08857e-05
0.11995	1.08928e-05
0.120158	1.09e-05
0.120367	1.09071e-05
0.120575	1.09143e-05
0.120783	1.09214e-05
0.120991	1.09284e-05
0.1212	1.09355e-05
0.121408	1.09426e-05
0.121616	1.09496e-05
0.121824	1.09566e-05
0.122032	1.09636e-05
0.122241	1.09706e-05
0.122449	1.09776e-05
0.122657	1.09845e-05
0.122865	1.09914e-05
0.123074	1.09983e-05
0.123282	1.10053e-05
0.12349	1.10123e-05
0.123698	1.10193e-05
0.123907	1.10263e-05
0.124115	1.10332e-05
0.124323	1.10402e-05
0.124531	1.10471e-05
0.12474	1.1054e-05
0.124948	1.10609e-05
0.125156	1.10678e-05
0.125364	1.10747e-05
0.125573	1.10815e-05
0.125781	1.10883e-05
0.125989	1.10951e-05
0.126197	1.11019e-05
0.126406	1.11087e-05
0.126614	1.11155e-05
0.126822	1.11223e-05
0.12703	1.1129e-05
0.127239	1.11357e-05
0.127447	1.11424e-05
0.127655	1.11491e-05
0.127863	1.11558e-05
0.128072	1.11624e-05
0.12828	1.11691e-05
0.128488	1.11757e-05
0.128696	1.11823e-05
0.128905	1.11889e-05
0.129113	1.11955e-05
0.129321	1.12021e-05
0.129529	1.12086e-05
0.129738	1.12152e-05
0.129946	1.12217e-05
0.130154	1.12282e-05
0.130362	1.12347e-05
0.130571	1.12412e-05
0.130779	1.12476e-05
0.130987	1.12541e-05
0.131195	1.12605e-05
0.131404	1.12669e-05
0.131612	1.12733e-05
0.13182	1.12797e-05
0.132028	1.12861e-05
0.132237	1.12924e-05
0.132445	1.12988e-05
0.132653	1.13051e-05
0.132861	1.13114e-05
0.13307	1.13177e-05
0.133278	1.1324e-05
0.133486	1.13303e-05
0.133694	1.13365e-05
0.133903	1.13428e-05
0.134111	1.1349e-05
0.134319	1.13552e-05
0.134527	1.13614e-05
0.134736	1.13676e-05
0.134944	1.13738e-05
0.135152	1.138e-05
0.13536	1.13861e-05
0.135569	1.13922e-05
0.135777	1.13983e-05
0.135985	1.14044e-05
0.136193	1.14105e-05
0.136401	1.14166e-05
0.13661	1.14227e-05
0.136818	1.14287e-05
0.137026	1.14348e-05
0.137234	1.14408e-05
0.137443	1.14468e-05
0.137651	1.14528e-05
0.137859	1.14588e-05
0.138067	1.14647e-05
0.138276	1.14707e-05
0.138484	1.14766e-05
0.138692	1.14825e-05
0.1389	1.14885e-05
0.139109	1.14944e-05
0.139317	1.15002e-05
0.139525	1.15061e-05
0.139733	1.1512e-05
0.139942	1.15178e-05
0.14015	1.15237e-05
0.140358	1.15295e-05
0.140566	1.15353e-05
0.140775	1.15411e-05
0.140983	1.15469e-05
0.141191	1.15526e-05
0.141399	1.15584e-05
0.141608	1.15641e-05
0.141816	1.15699e-05
0.142024	1.15756e-05
0.142232	1.15813e-05
0.142441	1.1587e-05
0.142649	1.15927e-05
0.142857	1.15983e-05
0.143065	1.1604e-05
0.143274	1.16096e-05
0.143482	1.16153e-05
0.14369	1.16209e-05
0.143898	1.16265e-05
0.144107	1.16321e-05
0.144315	1.16376e-05
0.144523	1.16432e-05
0.144731	1.16488e-05
0.14494	1.16543e-05
0.145148	1.16598e-05
0.145356	1.16654e-05
0.145564	1.16709e-05
0.145773	1.16764e-05
0.145981	1.16818e-05
0.146189	1.16873e-05
0.146397	1.16928e-05
0.146606	1.16982e-05
0.146814	1.17037e-05
0.147022	1.17091e-05
0.14723	1.17145e-05
0.147439	1.17199e-05
0.147647	1.17253e-05
0.147855	1.17307e-05
0.148063	1.1736e-05
0.148272	1.17414e-05
0.14848	1.17467e-05
0.148688	1.1752e-05
0.148896	1.17573e-05
0.149105	1.17627e-05
0.149313	1.17679e-05
0.149521	1.17732e-05
0.149729	1.17785e-05
0.149938	1.17838e-05
0.150146	1.1789e-05
0.150354	1.17942e-05
0.150562	1.17995e-05
0.150771	1.18047e-05
0.150979	1.18099e-05
0.151187	1.18151e-05
0.151395	1.18202e-05
0.151603	1.18254e-05
0.151812	1.18306e-05
0.15202	1.18357e-05
0.152228	1.18409e-05
0.152436	1.1846e-05
0.152645	1.18511e-05
0.152853	1.18562e-05
0.153061	1.18613e-05
0.153269	1.18664e-05
0.153478	1.18714e-05
0.153686	1.18765e-05
0.153894	1.18815e-05
0.154102	1.18866e-05
0.154311	1.18916e-05
0.154519	1.18966e-05
0.154727	1.19016e-05
0.154935	1.19066e-05
0.155144	1.19116e-05
0.155352	1.19165e-05
0.15556	1.19215e-05
0.155768	1.19265e-05
0.155977	1.19314e-05
0.156185	1.19363e-05
0.156393	1.19412e-05
0.156601	1.19461e-05
0.15681	1.1951e-05
0.157018	1.19559e-05
0.157226	1.19608e-05
0.157434	1.19657e-05
0.157643	1.19705e-05
0.157851	1.19754e-05
0.158059	1.19802e-05
0.158267	1.1985e-05
0.158476	1.19898e-05
0.158684	1.19946e-05
0.158892	1.19994e-05
0.1591	1.20042e-05
0.159309	1.2009e-05
0.159517	1.20137e-05
0.159725	1.20185e-05
0.159933	1.20232e-05
0.160142	1.20279e-05
0.16035	1.20327e-05
0.160558	1.20374e-05
0.160766	1.20421e-05
0.160975	1.20468e-05
0.161183	1.20514e-05
0.161391	1.20561e-05
0.161599	1.20608e-05
0.161808	1.20654e-05
0.162016	1.20701e-05
0.162224	1.20747e-05
0.162432	1.20793e-05
0.162641	1.20839e-05
0.162849	1.20885e-05
0.163057	1.20931e-05
0.163265	1.20977e-05
0.163474	1.21023e-05
0.163682	1.21068e-05
0.16389	1.21114e-05
0.164098	1.21159e-05
0.164307	1.21205e-05
0.164515	1.2125e-05
0.164723	1.21295e-05
0.164931	1.2134e-05
0.16514	1.21385e-05
0.165348	1.2143e-05
0.165556	1.21474e-05
0.165764	1.21519e-05
0.165973	1.21564e-05
0.166181	1.21608e-05
0.166389	1.21653e-05
0.166597	1.21697e-05
0.166805	1.21741e-05
0.167014	1.21785e-05
0.167222	1.21829e-05
0.16743	1.21873e-05
0.167638	1.21917e-05
0.167847	1.2196e-05
0.168055	1.22004e-05
0.168263	1.22048e-05
0.168471	1.22091e-05
0.16868	1.22134e-05
0.168888	1.22178e-05
0.169096	1.22221e-05
0.169304	1.22264e-05
0.169513	1.22307e-05
0.169721	1.2235e-05
0.169929	1.22393e-05
0.170137	1.22435e-05
0.170346	1.22478e-05
0.170554	1.2252e-05
0.170762	1.22563e-05
0.17097	1.22605e-05
0.171179	1.22647e-05
0.171387	1.2269e-05
0.171595	1.22732e-05
0.171803	1.22774e-05
0.172012	1.22815e-05
0.17222	1.22857e-05
0.172428	1.22899e-05
0.172636	1.22941e-05
0.172845	1.22982e-05
0.173053	1.23024e-05
0.173261	1.23065e-05
0.173469	1.23106e-05
0.173678	1.23147e-05
0.173886	1.23189e-05
0.174094	1.2323e-05
0.174302	1.23271e-05
0.174511	1.23311e-05
0.174719	1.23352e-05
0.174927	1.23393e-05
0.175135	1.23433e-05
0.175344	1.23474e-05
0.175552	1.23514e-05
0.17576	1.23555e-05
0.175968	1.23595e-05
0.176177	1.23635e-05
0.176385	1.23675e-05
0.176593	1.23715e-05
0.176801	1.23755e-05
0.17701	1.23795e-05
0.177218	1.23835e-05
0.177426	1.23874e-05
0.177634	1.23914e-05
0.177843	1.23953e-05
0.178051	1.23993e-05
0.178259	1.24032e-05
0.178467	1.24071e-05
0.178676	1.2411e-05
0.178884	1.2415e-05
0.179092	1.24189e-05
0.1793	1.24227e-05
0.179509	1.24266e-05
0.179717	1.24305e-05
0.179925	1.24344e-05
0.180133	1.24382e-05
0.180342	1.24421e-05
0.18055	1.24459e-05
0.180758	1.24498e-05
0.180966	1.24536e-05
0.181175	1.24574e-05
0.181383	1.24612e-05
0.181591	1.2465e-05
0.181799	1.24688e-05
0.182007	1.24726e-05
0.182216	1.24764e-05
0.182424	1.24801e-05
0.182632	1.24839e-05
0.18284	1.24876e-05
0.183049	1.24914e-05
0.183257	1.24951e-05
0.183465	1.24989e-05
0.183673	1.25026e-05
0.183882	1.25063e-05
0.18409	1.251e-05
0.184298	1.25137e-05
0.184506	1.25174e-05
0.184715	1.25211e-05
0.184923	1.25247e-05
0.185131	1.25284e-05
0.185339	1.25321e-05
0.185548	1.25357e-05
0.185756	1.25394e-05
0.185964	1.2543e-05
0.186172	1.25466e-05
0.186381	1.25503e-05
0.186589	1.25539e-05
0.186797	1.25575e-05
0.187005	1.25611e-05
0.187214	1.25647e-05
0.187422	1.25682e-05
0.18763	1.25718e-05
0.187838	1.25754e-05
0.188047	1.2579e-05
0.188255	1.25825e-05
0.188463	1.2586e-05
0.188671	1.25896e-05
0.18888	1.25931e-05
0.189088	1.25966e-05
0.189296	1.26002e-05
0.189504	1.26037e-05
0.189713	1.26072e-05
0.189921	1.26107e-05
0.190129	1.26141e-05
0.190337	1.26176e-05
0.190546	1.26211e-05
0.190754	1.26246e-05
0.190962	1.2628e-05
0.19117	1.26315e-05
0.191379	1.26349e-05
0.191587	1.26383e-05
0.191795	1.26418e-05
0.192003	1.26452e-05
0.192212	1.26486e-05
0.19242	1.26521e-05
0.192628	1.26557e-05
0.192836	1.26592e-05
0.193045	1.26628e-05
0.193253	1.26663e-05
0.193461	1.26698e-05
0.193669	1.26733e-05
0.193878	1.26768e-05
0.194086	1.26803e-05
0.194294	1.26838e-05
0.194502	1.26873e-05
0.194711	1.26908e-05
0.194919	1.26943e-05
0.195127	1.26977e-05
0.195335	1.27012e-05
0.195544	1.27046e-05
0.195752	1.27081e-05
0.19596	1.27115e-05
0.196168	1.27149e-05
0.196377	1.27184e-05
0.196585	1.27218e-05
0.196793	1.27252e-05
0.197001	1.27286e-05
0.197209	1.2732e-05
0.197418	1.27354e-05
0.197626	1.27387e-05
0.197834	1.27421e-05
0.198042	1.27455e-05
0.198251	1.27488e-05
0.198459	1.27522e-05
0.198667	1.27555e-05
0.198875	1.27589e-05
0.199084	1.27622e-05
0.199292	1.27655e-05
0.1995	1.27689e-05
0.199708	1.27722e-05
0.199917	1.27755e-05
0.200125	1.27788e-05
0.200333	1.27821e-05
0.200541	1.27853e-05
0.20075	1.27886e-05
0.200958	1.27919e-05
0.201166	1.27951e-05
0.201374	1.27984e-05
0.201583	1.28017e-05
0.201791	1.28049e-05
0.201999	1.28081e-05
0.202207	1.28114e-05
0.202416	1.28146e-05
0.202624	1.28178e-05
0.202832	1.2821e-05
0.20304	1.28242e-05
0.203249	1.28274e-05
0.203457	1.28306e-05
0.203665	1.28338e-05
0.203873	1.28369e-05
0.204082	1.28401e-05
0.20429	1.28433e-05
0.204498	1.28464e-05
0.204706	1.28496e-05
0.204915	1.28527e-05
0.205123	1.28559e-05
0.205331	1.2859e-05
0.205539	1.28621e-05
0.205748	1.28652e-05
0.205956	1.28683e-05
0.206164	1.28714e-05
0.206372	1.28745e-05
0.206581	1.28776e-05
0.206789	1.28807e-05
0.206997	1.28838e-05
0.207205	1.28869e-05
0.207414	1.28899e-05
0.207622	1.2893e-05
0.20783	1.2896e-05
0.208038	1.28991e-05
0.208247	1.29021e-05
0.208455	1.29052e-05
0.208663	1.29082e-05
0.208871	1.29112e-05
0.20908	1.29142e-05
0.209288	1.29172e-05
0.209496	1.29202e-05
0.209704	1.29232e-05
0.209913	1.29262e-05
0.210121	1.29292e-05
0.210329	1.29322e-05
0.210537	1.29351e-05
0.210746	1.29381e-05
0.210954	1.29411e-05
0.211162	1.2944e-05
0.21137	1.2947e-05
0.211579	1.29499e-05
0.211787	1.29528e-05
0.211995	1.29558e-05
0.212203	1.29587e-05
0.212411	1.29616e-05
0.21262	1.29645e-05
0.212828	1.29674e-05
0.213036	1.29703e-05
0.213244	1.29732e-05
0.213453	1.29761e-05
0.213661	1.29789e-05
0.213869	1.29818e-05
0.214077	1.29847e-05
0.214286	1.29875e-05
0.214494	1.29904e-05
0.214702	1.29932e-05
0.21491	1.29961e-05
0.215119	1.29989e-05
0.215327	1.30017e-05
0.215535	1.30045e-05
0.215743	1.30074e-05
0.215952	1.30102e-05
0.21616	1.3013e-05
0.216368	1.30158e-05
0.216576	1.30186e-05
0.216785	1.30214e-05
0.216993	1.30241e-05
0.217201	1.30269e-05
0.217409	1.30297e-05
0.217618	1.30324e-05
0.217826	1.30352e-05
0.218034	1.30379e-05
0.218242	1.30407e-05
0.218451	1.30434e-05
0.218659	1.30462e-05
0.218867	1.30489e-05
0.219075	1.30516e-05
0.219284	1.30543e-05
0.219492	1.3057e-05
0.2197	1.30597e-05
0.219908	1.30624e-05
0.220117	1.30651e-05
0.220325	1.30678e-05
0.220533	1.30705e-05
0.220741	1.30732e-05
0.22095	1.30758e-05
0.221158	1.30785e-05
0.221366	1.30811e-05
0.221574	1.30838e-05
0.221783	1.30864e-05
0.221991	1.30891e-05
0.222199	1.30917e-05
0.222407	1.30943e-05
0.222616	1.3097e-05
0.222824	1.30996e-05
0.223032	1.31022e-05
0.22324	1.31048e-05
0.223449	1.31074e-05
0.223657	1.311e-05
0.223865	1.31126e-05
0.224073	1.31151e-05
0.224282	1.31177e-05
0.22449	1.31203e-05
0.224698	1.31229e-05
0.224906	1.31254e-05
0.225115	1.3128e-05
0.225323	1.31305e-05
0.225531	1.31331e-05
0.225739	1.31356e-05
0.225948	1.31381e-05
0.226156	1.31406e-05
0.226364	1.31432e-05
0.226572	1.31457e-05
0.226781	1.31482e-05
0.226989	1.31507e-05
0.227197	1.31532e-05
0.227405	1.31557e-05
0.227613	1.31582e-05
0.227822	1.31607e-05
0.22803	1.31631e-05
0.228238	1.31656e-05
0.228446	1.31681e-05
0.228655	1.31705e-05
0.228863	1.3173e-05
0.229071	1.31754e-05
0.229279	1.31779e-05
0.229488	1.31803e-05
0.229696	1.31827e-05
0.229904	1.31852e-05
0.230112	1.31876e-05
0.230321	1.319e-05
0.230529	1.31924e-05
0.230737	1.31948e-05
0.230945	1.31972e-05
0.231154	1.31996e-05
0.231362	1.3202e-05
0.23157	1.32044e-05
0.231778	1.32067e-05
0.231987	1.32091e-05
0.232195	1.32115e-05
0.232403	1.32138e-05
0.232611	1.32162e-05
0.23282	1.32186e-05
0.233028	1.32209e-05
0.233236	1.32232e-05
0.233444	1.32256e-05
0.233653	1.32279e-05
0.233861	1.32302e-05
0.234069	1.32325e-05
0.234277	1.32349e-05
0.234486	1.32372e-05
0.234694	1.32395e-05
0.234902	1.32418e-05
0.23511	1.32441e-05
0.235319	1.32463e-05
0.235527	1.32486e-05
0.235735	1.32509e-05
0.235943	1.32532e-05
0.236152	1.32554e-05
0.23636	1.32577e-05
0.236568	1.326e-05
0.236776	1.32622e-05
0.236985	1.32645e-05
0.237193	1.32667e-05
0.237401	1.32689e-05
0.237609	1.32712e-05
0.237818	1.32734e-05
0.238026	1.32756e-05
0.238234	1.32778e-05
0.238442	1.328e-05
0.238651	1.32822e-05
0.238859	1.32844e-05
0.239067	1.32866e-05
0.239275	1.32888e-05
0.239484	1.3291e-05
0.239692	1.32932e-05
0.2399	1.32954e-05
0.240108	1.32975e-05
0.240317	1.32997e-05
0.240525	1.33018e-05
0.240733	1.3304e-05
0.240941	1.33061e-05
0.24115	1.33083e-05
0.241358	1.33104e-05
0.241566	1.33126e-05
0.241774	1.33147e-05
0.241983	1.33168e-05
0.242191	1.33189e-05
0.242399	1.3321e-05
0.242607	1.33232e-05
0.242815	1.33253e-05
0.243024	1.33274e-05
0.243232	1.33294e-05
0.24344	1.33315e-05
0.243648	1.33336e-05
0.243857	1.33357e-05
0.244065	1.33378e-05
0.244273	1.33398e-05
0.244481	1.33419e-05
0.24469	1.3344e-05
0.244898	1.3346e-05
0.245106	1.33481e-05
0.245314	1.33501e-05
0.245523	1.33521e-05
0.245731	1.33542e-05
0.245939	1.33562e-05
0.246147	1.33582e-05
0.246356	1.33602e-05
0.246564	1.33623e-05
0.246772	1.33643e-05
0.24698	1.33663e-05
0.247189	1.33683e-05
0.247397	1.33703e-05
0.247605	1.33723e-05
0.247813	1.33742e-05
0.248022	1.33762e-05
0.24823	1.33782e-05
0.248438	1.33802e-05
0.248646	1.33821e-05
0.248855	1.33841e-05
0.249063	1.33861e-05
0.249271	1.3388e-05
0.249479	1.339e-05
0.249688	1.33919e-05
0.249896	1.33938e-05
0.250104	1.33958e-05
0.250312	1.33977e-05
0.250521	1.33996e-05
0.250729	1.34015e-05
0.250937	1.34035e-05
0.251145	1.34054e-05
0.251354	1.34073e-05
0.251562	1.34092e-05
0.25177	1.34111e-05
0.251978	1.34129e-05
0.252187	1.34148e-05
0.252395	1.34167e-05
0.252603	1.34186e-05
0.252811	1.34205e-05
0.25302	1.34223e-05
0.253228	1.34242e-05
0.253436	1.3426e-05
0.253644	1.34279e-05
0.253853	1.34297e-05
0.254061	1.34316e-05
0.254269	1.34334e-05
0.254477	1.34353e-05
0.254686	1.34371e-05
0.254894	1.34389e-05
0.255102	1.34407e-05
0.25531	1.34426e-05
0.255519	1.34444e-05
0.255727	1.34462e-05
0.255935	1.3448e-05
0.256143	1.34498e-05
0.256352	1.34516e-05
0.25656	1.34533e-05
0.256768	1.34551e-05
0.256976	1.34569e-05
0.257185	1.34587e-05
0.257393	1.34605e-05
0.257601	1.34622e-05
0.257809	1.3464e-05
0.258017	1.34657e-05
0.258226	1.34675e-05
0.258434	1.34692e-05
0.258642	1.3471e-05
0.25885	1.34727e-05
0.259059	1.34744e-05
0.259267	1.34762e-05
0.259475	1.34779e-05
0.259683	1.34796e-05
0.259892	1.34813e-05
0.2601	1.34831e-05
0.260308	1.34848e-05
0.260516	1.34865e-05
0.260725	1.34882e-05
0.260933	1.34898e-05
0.261141	1.34915e-05
0.261349	1.34932e-05
0.261558	1.34949e-05
0.261766	1.34966e-05
0.261974	1.34982e-05
0.262182	1.34999e-05
0.262391	1.35016e-05
0.262599	1.35032e-05
0.262807	1.35049e-05
0.263015	1.35065e-05
0.263224	1.35082e-05
0.263432	1.35098e-05
0.26364	1.35115e-05
0.263848	1.35131e-05
0.264057	1.35147e-05
0.264265	1.35163e-05
0.264473	1.3518e-05
0.264681	1.35196e-05
0.26489	1.35212e-05
0.265098	1.35228e-05
0.265306	1.35244e-05
0.265514	1.3526e-05
0.265723	1.35276e-05
0.265931	1.35292e-05
0.266139	1.35307e-05
0.266347	1.35323e-05
0.266556	1.35339e-05
0.266764	1.35355e-05
0.266972	1.3537e-05
0.26718	1.35386e-05
0.267389	1.35402e-05
0.267597	1.35417e-05
0.267805	1.35433e-05
0.268013	1.35448e-05
0.268222	1.35464e-05
0.26843	1.35479e-05
0.268638	1.35494e-05
0.268846	1.35509e-05
0.269055	1.35525e-05
0.269263	1.3554e-05
0.269471	1.35555e-05
0.269679	1.3557e-05
0.269888	1.35585e-05
0.270096	1.356e-05
0.270304	1.35615e-05
0.270512	1.3563e-05
0.270721	1.35645e-05
0.270929	1.3566e-05
0.271137	1.35676e-05
0.271345	1.35692e-05
0.271554	1.35708e-05
0.271762	1.35724e-05
0.27197	1.35739e-05
0.272178	1.35755e-05
0.272387	1.35771e-05
0.272595	1.35787e-05
0.272803	1.35802e-05
0.273011	1.35818e-05
0.273219	1.35833e-05
0.273428	1.35849e-05
0.273636	1.35864e-05
0.273844	1.3588e-05
0.274052	1.35895e-05
0.274261	1.35911e-05
0.274469	1.35926e-05
0.274677	1.35941e-05
0.274885	1.35956e-05
0.275094	1.35972e-05
0.275302	1.35987e-05
0.27551	1.36002e-05
0.275718	1.36017e-05
0.275927	1.36032e-05
0.276135	1.36047e-05
0.276343	1.36062e-05
0.276551	1.36077e-05
0.27676	1.36092e-05
0.276968	1.36106e-05
0.277176	1.36121e-05
0.277384	1.36136e-05
0.277593	1.36151e-05
0.277801	1.36165e-05
0.278009	1.3618e-05
0.278217	1.36194e-05
0.278426	1.36209e-05
0.278634	1.36223e-05
0.278842	1.36238e-05
0.27905	1.36252e-05
0.279259	1.36267e-05
0.279467	1.36281e-05
0.279675	1.36295e-05
0.279883	1.36309e-05
0.280092	1.36324e-05
0.2803	1.36338e-05
0.280508	1.36352e-05
0.280716	1.36366e-05
0.280925	1.3638e-05
0.281133	1.36394e-05
0.281341	1.36408e-05
0.281549	1.36422e-05
0.281758	1.36436e-05
0.281966	1.3645e-05
0.282174	1.36463e-05
0.282382	1.36477e-05
0.282591	1.36491e-05
0.282799	1.36504e-05
0.283007	1.36518e-05
0.283215	1.36532e-05
0.283424	1.36545e-05
0.283632	1.36559e-05
0.28384	1.36572e-05
0.284048	1.36586e-05
0.284257	1.36599e-05
0.284465	1.36612e-05
0.284673	1.36626e-05
0.284881	1.36639e-05
0.28509	1.36652e-05
0.285298	1.36665e-05
0.285506	1.36678e-05
0.285714	1.36692e-05
0.285923	1.36705e-05
0.286131	1.36718e-05
0.286339	1.36731e-05
0.286547	1.36744e-05
0.286756	1.36757e-05
0.286964	1.36769e-05
0.287172	1.36782e-05
0.28738	1.36795e-05
0.287589	1.36808e-05
0.287797	1.36821e-05
0.288005	1.36833e-05
0.288213	1.36846e-05
0.288421	1.36858e-05
0.28863	1.36871e-05
0.288838	1.36884e-05
0.289046	1.36896e-05
0.289254	1.36908e-05
0.289463	1.36921e-05
0.289671	1.36933e-05
0.289879	1.36946e-05
0.290087	1.36958e-05
0.290296	1.3697e-05
0.290504	1.36982e-05
0.290712	1.36994e-05
0.29092	1.37007e-05
0.291129	1.37019e-05
0.291337	1.37031e-05
0.291545	1.37043e-05
0.291753	1.37055e-05
0.291962	1.37067e-05
0.29217	1.37079e-05
0.292378	1.3709e-05
0.292586	1.37102e-05
0.292795	1.37114e-05
0.293003	1.37126e-05
0.293211	1.37138e-05
0.293419	1.37149e-05
0.293628	1.37161e-05
0.293836	1.37172e-05
0.294044	1.37184e-05
0.294252	1.37196e-05
0.294461	1.37207e-05
0.294669	1.37218e-05
0.294877	1.3723e-05
0.295085	1.37241e-05
0.295294	1.37253e-05
0.295502	1.37264e-05
0.29571	1.37275e-05
0.295918	1.37286e-05
0.296127	1.37298e-05
0.296335	1.37309e-05
0.296543	1.3732e-05
0.296751	1.37331e-05
0.29696	1.37342e-05
0.297168	1.37353e-05
0.297376	1.37364e-05
0.297584	1.37375e-05
0.297793	1.37386e-05
0.298001	1.37397e-05
0.298209	1.37407e-05
0.298417	1.37418e-05
0.298626	1.37429e-05
0.298834	1.3744e-05
0.299042	1.3745e-05
0.29925	1.37461e-05
0.299459	1.37472e-05
0.299667	1.37482e-05
0.299875	1.37493e-05
0.300083	1.37503e-05
0.300292	1.37514e-05
0.3005	1.37524e-05
0.300708	1.37534e-05
0.300916	1.37545e-05
0.301125	1.37555e-05
0.301333	1.37565e-05
0.301541	1.37575e-05
0.301749	1.37586e-05
0.301958	1.37596e-05
0.302166	1.37606e-05
0.302374	1.37616e-05
0.302582	1.37626e-05
0.302791	1.37636e-05
0.302999	1.37646e-05
0.303207	1.37656e-05
0.303415	1.37666e-05
0.303623	1.37676e-05
0.303832	1.37686e-05
0.30404	1.37695e-05
0.304248	1.37705e-05
0.304456	1.37715e-05
0.304665	1.37725e-05
0.304873	1.37734e-05
0.305081	1.37744e-05
0.305289	1.37753e-05
0.305498	1.37763e-05
0.305706	1.37773e-05
0.305914	1.37782e-05
0.306122	1.37791e-05
0.306331	1.37801e-05
0.306539	1.3781e-05
0.306747	1.3782e-05
0.306955	1.37829e-05
0.307164	1.37838e-05
0.307372	1.37847e-05
0.30758	1.37857e-05
0.307788	1.37866e-05
0.307997	1.37875e-05
0.308205	1.37884e-05
0.308413	1.37893e-05
0.308621	1.37902e-05
0.30883	1.37911e-05
0.309038	1.3792e-05
0.309246	1.37929e-05
0.309454	1.37938e-05
0.309663	1.37947e-05
0.309871	1.37955e-05
0.310079	1.37964e-05
0.310287	1.37973e-05
0.310496	1.37982e-05
0.310704	1.3799e-05
0.310912	1.37999e-05
0.31112	1.38008e-05
0.311329	1.38016e-05
0.311537	1.38025e-05
0.311745	1.38033e-05
0.311953	1.38042e-05
0.312162	1.3805e-05
0.31237	1.38058e-05
0.312578	1.38067e-05
0.312786	1.38075e-05
0.312995	1.38083e-05
0.313203	1.38092e-05
0.313411	1.381e-05
0.313619	1.38108e-05
0.313828	1.38116e-05
0.314036	1.38124e-05
0.314244	1.38133e-05
0.314452	1.38141e-05
0.314661	1.38149e-05
0.314869	1.38157e-05
0.315077	1.38165e-05
0.315285	1.38172e-05
0.315494	1.3818e-05
0.315702	1.38188e-05
0.31591	1.38196e-05
0.316118	1.38204e-05
0.316327	1.38212e-05
0.316535	1.38219e-05
0.316743	1.38227e-05
0.316951	1.38235e-05
0.31716	1.38242e-05
0.317368	1.3825e-05
0.317576	1.38257e-05
0.317784	1.38265e-05
0.317993	1.38272e-05
0.318201	1.3828e-05
0.318409	1.38287e-05
0.318617	1.38295e-05
0.318825	1.38302e-05
0.319034	1.38309e-05
0.319242	1.38317e-05
0.31945	1.38324e-05
0.319658	1.38331e-05
0.319867	1.38338e-05
0.320075	1.38346e-05
0.320283	1.38353e-05
0.320491	1.3836e-05
0.3207	1.38367e-05
0.320908	1.38374e-05
0.321116	1.38381e-05
0.321324	1.38388e-05
0.321533	1.38395e-05
0.321741	1.38402e-05
0.321949	1.38408e-05
0.322157	1.38415e-05
0.322366	1.38422e-05
0.322574	1.38429e-05
0.322782	1.38436e-05
0.32299	1.38442e-05
0.323199	1.38449e-05
0.323407	1.38456e-05
0.323615	1.38462e-05
0.323823	1.38469e-05
0.324032	1.38475e-05
0.32424	1.38482e-05
0.324448	1.38488e-05
0.324656	1.38495e-05
0.324865	1.38501e-05
0.325073	1.38508e-05
0.325281	1.38514e-05
0.325489	1.3852e-05
0.325698	1.38527e-05
0.325906	1.38533e-05
0.326114	1.38539e-05
0.326322	1.38545e-05
0.326531	1.38551e-05
0.326739	1.38557e-05
0.326947	1.38564e-05
0.327155	1.3857e-05
0.327364	1.38576e-05
0.327572	1.38582e-05
0.32778	1.38588e-05
0.327988	1.38594e-05
0.328197	1.38599e-05
0.328405	1.38605e-05
0.328613	1.38611e-05
0.328821	1.38617e-05
0.32903	1.38623e-05
0.329238	1.38629e-05
0.329446	1.38634e-05
0.329654	1.3864e-05
0.329863	1.38646e-05
0.330071	1.38651e-05
0.330279	1.38657e-05
0.330487	1.38662e-05
0.330696	1.38668e-05
0.330904	1.38673e-05
0.331112	1.38679e-05
0.33132	1.38684e-05
0.331529	1.3869e-05
0.331737	1.38695e-05
0.331945	1.387e-05
0.332153	1.38706e-05
0.332362	1.38711e-05
0.33257	1.38716e-05
0.332778	1.38722e-05
0.332986	1.38727e-05
0.333195	1.38732e-05
0.333403	1.38737e-05
0.333611	1.38742e-05
0.333819	1.38747e-05
0.334027	1.38752e-05
0.334236	1.38757e-05
0.334444	1.38762e-05
0.334652	1.38767e-05
0.33486	1.38772e-05
0.335069	1.38777e-05
0.335277	1.38782e-05
0.335485	1.38787e-05
0.335693	1.38791e-05
0.335902	1.38796e-05
0.33611	1.38801e-05
0.336318	1.38806e-05
0.336526	1.3881e-05
0.336735	1.38815e-05
0.336943	1.3882e-05
0.337151	1.38824e-05
0.337359	1.38829e-05
0.337568	1.38833e-05
0.337776	1.38838e-05
0.337984	1.38842e-05
0.338192	1.38847e-05
0.338401	1.38851e-05
0.338609	1.38855e-05
0.338817	1.3886e-05
0.339025	1.38864e-05
0.339234	1.38868e-05
0.339442	1.38873e-05
0.33965	1.38877e-05
0.339858	1.38881e-05
0.340067	1.38885e-05
0.340275	1.38889e-05
0.340483	1.38893e-05
0.340691	1.38898e-05
0.3409	1.38902e-05
0.341108	1.38906e-05
0.341316	1.3891e-05
0.341524	1.38914e-05
0.341733	1.38918e-05
0.341941	1.38921e-05
0.342149	1.38925e-05
0.342357	1.38929e-05
0.342566	1.38933e-05
0.342774	1.38937e-05
0.342982	1.3894e-05
0.34319	1.38944e-05
0.343399	1.38948e-05
0.343607	1.38952e-05
0.343815	1.38955e-05
0.344023	1.38959e-05
0.344232	1.38962e-05
0.34444	1.38966e-05
0.344648	1.3897e-05
0.344856	1.38973e-05
0.345065	1.38976e-05
0.345273	1.3898e-05
0.345481	1.38983e-05
0.345689	1.38987e-05
0.345898	1.3899e-05
0.346106	1.38993e-05
0.346314	1.38997e-05
0.346522	1.39e-05
0.346731	1.39003e-05
0.346939	1.39006e-05
0.347147	1.3901e-05
0.347355	1.39013e-05
0.347564	1.39016e-05
0.347772	1.39019e-05
0.34798	1.39022e-05
0.348188	1.39025e-05
0.348397	1.39028e-05
0.348605	1.39031e-05
0.348813	1.39034e-05
0.349021	1.39037e-05
0.349229	1.3904e-05
0.349438	1.39043e-05
0.349646	1.39046e-05
0.349854	1.39048e-05
0.350062	1.39051e-05
0.350271	1.39054e-05
0.350479	1.39057e-05
0.350687	1.39059e-05
0.350895	1.39062e-05
0.351104	1.39065e-05
0.351312	1.39067e-05
0.35152	1.3907e-05
0.351728	1.39072e-05
0.351937	1.39075e-05
0.352145	1.39078e-05
0.352353	1.3908e-05
0.352561	1.39082e-05
0.35277	1.39085e-05
0.352978	1.39087e-05
0.353186	1.3909e-05
0.353394	1.39092e-05
0.353603	1.39094e-05
0.353811	1.39097e-05
0.354019	1.39099e-05
0.354227	1.39101e-05
0.354436	1.39103e-05
0.354644	1.39105e-05
0.354852	1.39108e-05
0.35506	1.3911e-05
0.355269	1.39112e-05
0.355477	1.39114e-05
0.355685	1.39116e-05
0.355893	1.39118e-05
0.356102	1.3912e-05
0.35631	1.39122e-05
0.356518	1.39124e-05
0.356726	1.39126e-05
0.356935	1.39128e-05
0.357143	1.39129e-05
0.357351	1.39131e-05
0.357559	1.39133e-05
0.357768	1.39135e-05
0.357976	1.39137e-05
0.358184	1.39138e-05
0.358392	1.3914e-05
0.358601	1.39142e-05
0.358809	1.39143e-05
0.359017	1.39145e-05
0.359225	1.39147e-05
0.359434	1.39148e-05
0.359642	1.3915e-05
0.35985	1.39151e-05
0.360058	1.39153e-05
0.360267	1.39154e-05
0.360475	1.39155e-05
0.360683	1.39157e-05
0.360891	1.39158e-05
0.3611	1.3916e-05
0.361308	1.39161e-05
0.361516	1.39162e-05
0.361724	1.39163e-05
0.361933	1.39165e-05
0.362141	1.39166e-05
0.362349	1.39167e-05
0.362557	1.39168e-05
0.362766	1.39169e-05
0.362974	1.3917e-05
0.363182	1.39172e-05
0.36339	1.39173e-05
0.363599	1.39174e-05
0.363807	1.39175e-05
0.364015	1.39176e-05
0.364223	1.39177e-05
0.364431	1.39177e-05
0.36464	1.39178e-05
0.364848	1.39179e-05
0.365056	1.3918e-05
0.365264	1.39181e-05
0.365473	1.39182e-05
0.365681	1.39182e-05
0.365889	1.39183e-05
0.366097	1.39184e-05
0.366306	1.39185e-05
0.366514	1.39185e-05
0.366722	1.39186e-05
0.36693	1.39187e-05
0.367139	1.39187e-05
0.367347	1.39188e-05
0.367555	1.39188e-05
0.367763	1.39189e-05
0.367972	1.39189e-05
0.36818	1.3919e-05
0.368388	1.3919e-05
0.368596	1.39191e-05
0.368805	1.39191e-05
0.369013	1.39191e-05
0.369221	1.39192e-05
0.369429	1.39192e-05
0.369638	1.39192e-05
0.369846	1.39192e-05
0.370054	1.39193e-05
0.370262	1.39193e-05
0.370471	1.39193e-05
0.370679	1.39193e-05
0.370887	1.39193e-05
0.371095	1.39193e-05
0.371304	1.39194e-05
0.371512	1.39194e-05
0.37172	1.39194e-05
0.371928	1.39194e-05
0.372137	1.39194e-05
0.372345	1.39194e-05
0.372553	1.39194e-05
0.372761	1.39193e-05
0.37297	1.39193e-05
0.373178	1.39193e-05
0.373386	1.39193e-05
0.373594	1.39193e-05
0.373803	1.39193e-05
0.374011	1.39192e-05
0.374219	1.39192e-05
0.374427	1.39192e-05
0.374636	1.39191e-05
0.374844	1.39191e-05
0.375052	1.39191e-05
0.37526	1.3919e-05
0.375469	1.3919e-05
0.375677	1.3919e-05
0.375885	1.39189e-05
0.376093	1.39189e-05
0.376302	1.39188e-05
0.37651	1.39188e-05
0.376718	1.39187e-05
0.376926	1.39186e-05
0.377135	1.39186e-05
0.377343	1.39185e-05
0.377551	1.39185e-05
0.377759	1.39184e-05
0.377968	1.39183e-05
0.378176	1.39182e-05
0.378384	1.39182e-05
0.378592	1.39181e-05
0.3788	1.3918e-05
0.379009	1.39179e-05
0.379217	1.39178e-05
0.379425	1.39177e-05
0.379633	1.39177e-05
0.379842	1.39176e-05
0.38005	1.39175e-05
0.380258	1.39174e-05
0.380466	1.39173e-05
0.380675	1.39172e-05
0.380883	1.39171e-05
0.381091	1.3917e-05
0.381299	1.39169e-05
0.381508	1.39167e-05
0.381716	1.39166e-05
0.381924	1.39165e-05
0.382132	1.39164e-05
0.382341	1.39163e-05
0.382549	1.39161e-05
0.382757	1.3916e-05
0.382965	1.39159e-05
0.383174	1.39158e-05
0.383382	1.39156e-05
0.38359	1.39155e-05
0.383798	1.39155e-05
0.384007	1.39154e-05
0.384215	1.39153e-05
0.384423	1.39153e-05
0.384631	1.39152e-05
0.38484	1.39151e-05
0.385048	1.3915e-05
0.385256	1.39149e-05
0.385464	1.39149e-05
0.385673	1.39148e-05
0.385881	1.39147e-05
0.386089	1.39146e-05
0.386297	1.39145e-05
0.386506	1.39144e-05
0.386714	1.39143e-05
0.386922	1.39142e-05
0.38713	1.39141e-05
0.387339	1.3914e-05
0.387547	1.39139e-05
0.387755	1.39138e-05
0.387963	1.39136e-05
0.388172	1.39135e-05
0.38838	1.39134e-05
0.388588	1.39133e-05
0.388796	1.39132e-05
0.389005	1.3913e-05
0.389213	1.39129e-05
0.389421	1.39128e-05
0.389629	1.39126e-05
0.389838	1.39125e-05
0.390046	1.39124e-05
0.390254	1.39122e-05
0.390462	1.39121e-05
0.390671	1.3912e-05
0.390879	1.39118e-05
0.391087	1.39117e-05
0.391295	1.39115e-05
0.391504	1.39114e-05
0.391712	1.39112e-05
0.39192	1.3911e-05
0.392128	1.39109e-05
0.392337	1.39107e-05
0.392545	1.39105e-05
0.392753	1.39104e-05
0.392961	1.39102e-05
0.39317	1.391e-05
0.393378	1.39099e-05
0.393586	1.39097e-05
0.393794	1.39095e-05
0.394002	1.39093e-05
0.394211	1.39091e-05
0.394419	1.3909e-05
0.394627	1.39088e-05
0.394835	1.39086e-05
0.395044	1.39084e-05
0.395252	1.39082e-05
0.39546	1.3908e-05
0.395668	1.39078e-05
0.395877	1.39076e-05
0.396085	1.39074e-05
0.396293	1.39072e-05
0.396501	1.3907e-05
0.39671	1.39068e-05
0.396918	1.39065e-05
0.397126	1.39063e-05
0.397334	1.39061e-05
0.397543	1.39059e-05
0.397751	1.39057e-05
0.397959	1.39054e-05
0.398167	1.39052e-05
0.398376	1.3905e-05
0.398584	1.39048e-05
0.398792	1.39045e-05
0.399	1.39043e-05
0.399209	1.39041e-05
0.399417	1.39038e-05
0.399625	1.39036e-05
0.399833	1.39033e-05
0.400042	1.39031e-05
0.40025	1.39028e-05
0.400458	1.39026e-05
0.400666	1.39023e-05
0.400875	1.39021e-05
0.401083	1.39018e-05
0.401291	1.39015e-05
0.401499	1.39013e-05
0.401708	1.3901e-05
0.401916	1.39008e-05
0.402124	1.39005e-05
0.402332	1.39002e-05
0.402541	1.38999e-05
0.402749	1.38997e-05
0.402957	1.38994e-05
0.403165	1.38991e-05
0.403374	1.38988e-05
0.403582	1.38985e-05
0.40379	1.38983e-05
0.403998	1.3898e-05
0.404207	1.38977e-05
0.404415	1.38974e-05
0.404623	1.38971e-05
0.404831	1.38968e-05
0.40504	1.38965e-05
0.405248	1.38962e-05
0.405456	1.38959e-05
0.405664	1.38956e-05
0.405873	1.38953e-05
0.406081	1.3895e-05
0.406289	1.38946e-05
0.406497	1.38943e-05
0.406706	1.3894e-05
0.406914	1.38937e-05
0.407122	1.38934e-05
0.40733	1.38931e-05
0.407539	1.38927e-05
0.407747	1.38924e-05
0.407955	1.38921e-05
0.408163	1.38917e-05
0.408372	1.38914e-05
0.40858	1.38911e-05
0.408788	1.38907e-05
0.408996	1.38904e-05
0.409204	1.389e-05
0.409413	1.38897e-05
0.409621	1.38894e-05
0.409829	1.3889e-05
0.410037	1.38887e-05
0.410246	1.38883e-05
0.410454	1.38879e-05
0.410662	1.38876e-05
0.41087	1.38872e-05
0.411079	1.38869e-05
0.411287	1.38865e-05
0.411495	1.38861e-05
0.411703	1.38858e-05
0.411912	1.38854e-05
0.41212	1.3885e-05
0.412328	1.38847e-05
0.412536	1.38843e-05
0.412745	1.38839e-05
0.412953	1.38835e-05
0.413161	1.38831e-05
0.413369	1.38828e-05
0.413578	1.38824e-05
0.413786	1.3882e-05
0.413994	1.38816e-05
0.414202	1.38812e-05
0.414411	1.38808e-05
0.414619	1.38804e-05
0.414827	1.388e-05
0.415035	1.38796e-05
0.415244	1.38792e-05
0.415452	1.38788e-05
0.41566	1.38784e-05
0.415868	1.3878e-05
0.416077	1.38776e-05
0.416285	1.38772e-05
0.416493	1.38767e-05
0.416701	1.38763e-05
0.41691	1.38759e-05
0.417118	1.38755e-05
0.417326	1.38751e-05
0.417534	1.38746e-05
0.417743	1.38742e-05
0.417951	1.38738e-05
0.418159	1.38733e-05
0.418367	1.38729e-05
0.418576	1.38725e-05
0.418784	1.3872e-05
0.418992	1.38716e-05
0.4192	1.38712e-05
0.419409	1.38707e-05
0.419617	1.38703e-05
0.419825	1.38698e-05
0.420033	1.38694e-05
0.420242	1.38689e-05
0.42045	1.38685e-05
0.420658	1.3868e-05
0.420866	1.38676e-05
0.421075	1.38671e-05
0.421283	1.38666e-05
0.421491	1.38662e-05
0.421699	1.38657e-05
0.421908	1.38652e-05
0.422116	1.38648e-05
0.422324	1.38643e-05
0.422532	1.38638e-05
0.422741	1.38633e-05
0.422949	1.38629e-05
0.423157	1.38624e-05
0.423365	1.38619e-05
0.423574	1.38614e-05
0.423782	1.38609e-05
0.42399	1.38605e-05
0.424198	1.386e-05
0.424406	1.38595e-05
0.424615	1.3859e-05
0.424823	1.38585e-05
0.425031	1.3858e-05
0.425239	1.38575e-05
0.425448	1.3857e-05
0.425656	1.38565e-05
0.425864	1.3856e-05
0.426072	1.38555e-05
0.426281	1.3855e-05
0.426489	1.38545e-05
0.426697	1.38539e-05
0.426905	1.38534e-05
0.427114	1.38529e-05
0.427322	1.38524e-05
0.42753	1.38519e-05
0.427738	1.38514e-05
0.427947	1.38508e-05
0.428155	1.38503e-05
0.428363	1.38498e-05
0.428571	1.38492e-05
0.42878	1.38487e-05
0.428988	1.38482e-05
0.429196	1.38476e-05
0.429404	1.38471e-05
0.429613	1.38466e-05
0.429821	1.3846e-05
0.430029	1.38455e-05
0.430237	1.38449e-05
0.430446	1.38444e-05
0.430654	1.38438e-05
0.430862	1.38433e-05
0.43107	1.38427e-05
0.431279	1.38422e-05
0.431487	1.38416e-05
0.431695	1.38411e-05
0.431903	1.38405e-05
0.432112	1.384e-05
0.43232	1.38394e-05
0.432528	1.38388e-05
0.432736	1.38383e-05
0.432945	1.38377e-05
0.433153	1.38371e-05
0.433361	1.38365e-05
0.433569	1.3836e-05
0.433778	1.38354e-05
0.433986	1.38348e-05
0.434194	1.38342e-05
0.434402	1.38337e-05
0.434611	1.38331e-05
0.434819	1.38325e-05
0.435027	1.38319e-05
0.435235	1.38313e-05
0.435444	1.38307e-05
0.435652	1.38301e-05
0.43586	1.38295e-05
0.436068	1.38289e-05
0.436277	1.38283e-05
0.436485	1.38277e-05
0.436693	1.38271e-05
0.436901	1.38265e-05
0.43711	1.38259e-05
0.437318	1.38253e-05
0.437526	1.38247e-05
0.437734	1.38241e-05
0.437943	1.38235e-05
0.438151	1.38229e-05
0.438359	1.38222e-05
0.438567	1.38216e-05
0.438776	1.3821e-05
0.438984	1.38204e-05
0.439192	1.38198e-05
0.4394	1.38191e-05
0.439608	1.38185e-05
0.439817	1.38179e-05
0.440025	1.38172e-05
0.440233	1.38166e-05
0.440441	1.3816e-05
0.44065	1.38153e-05
0.440858	1.38147e-05
0.441066	1.38141e-05
0.441274	1.38134e-05
0.441483	1.38128e-05
0.441691	1.38121e-05
0.441899	1.38115e-05
0.442107	1.38108e-05
0.442316	1.38102e-05
0.442524	1.38095e-05
0.442732	1.38089e-05
0.44294	1.38082e-05
0.443149	1.38075e-05
0.443357	1.38069e-05
0.443565	1.38062e-05
0.443773	1.38056e-05
0.443982	1.38049e-05
0.44419	1.38042e-05
0.444398	1.38036e-05
0.444606	1.38029e-05
0.444815	1.38022e-05
0.445023	1.38015e-05
0.445231	1.38009e-05
0.445439	1.38002e-05
0.445648	1.37995e-05
0.445856	1.37988e-05
0.446064	1.37981e-05
0.446272	1.37975e-05
0.446481	1.37968e-05
0.446689	1.37961e-05
0.446897	1.37954e-05
0.447105	1.37947e-05
0.447314	1.3794e-05
0.447522	1.37933e-05
0.44773	1.37926e-05
0.447938	1.37919e-05
0.448147	1.37912e-05
0.448355	1.37905e-05
0.448563	1.37898e-05
0.448771	1.37891e-05
0.44898	1.37884e-05
0.449188	1.37877e-05
0.449396	1.3787e-05
0.449604	1.37863e-05
0.449813	1.37856e-05
0.450021	1.37848e-05
0.450229	1.37841e-05
0.450437	1.37834e-05
0.450646	1.37827e-05
0.450854	1.3782e-05
0.451062	1.37812e-05
0.45127	1.37805e-05
0.451479	1.37798e-05
0.451687	1.37791e-05
0.451895	1.37783e-05
0.452103	1.37776e-05
0.452312	1.37769e-05
0.45252	1.37761e-05
0.452728	1.37754e-05
0.452936	1.37747e-05
0.453145	1.37739e-05
0.453353	1.37732e-05
0.453561	1.37724e-05
0.453769	1.37717e-05
0.453978	1.37709e-05
0.454186	1.37702e-05
0.454394	1.37694e-05
0.454602	1.37687e-05
0.45481	1.37679e-05
0.455019	1.37672e-05
0.455227	1.37664e-05
0.455435	1.37657e-05
0.455643	1.37649e-05
0.455852	1.37641e-05
0.45606	1.37634e-05
0.456268	1.37626e-05
0.456476	1.37618e-05
0.456685	1.37611e-05
0.456893	1.37603e-05
0.457101	1.37595e-05
0.457309	1.37588e-05
0.457518	1.3758e-05
0.457726	1.37572e-05
0.457934	1.37564e-05
0.458142	1.37556e-05
0.458351	1.37549e-05
0.458559	1.37541e-05
0.458767	1.37533e-05
0.458975	1.37525e-05
0.459184	1.37517e-05
0.459392	1.37509e-05
0.4596	1.37501e-05
0.459808	1.37493e-05
0.460017	1.37485e-05
0.460225	1.37478e-05
0.460433	1.3747e-05
0.460641	1.37462e-05
0.46085	1.37454e-05
0.461058	1.37446e-05
0.461266	1.37437e-05
0.461474	1.37429e-05
0.461683	1.37421e-05
0.461891	1.37413e-05
0.462099	1.37405e-05
0.462307	1.37397e-05
0.462516	1.37389e-05
0.462724	1.37381e-05
0.462932	1.37373e-05
0.46314	1.37364e-05
0.463349	1.37356e-05
0.463557	1.37348e-05
0.463765	1.3734e-05
0.463973	1.37331e-05
0.464182	1.37323e-05
0.46439	1.37315e-05
0.464598	1.37307e-05
0.464806	1.37298e-05
0.465015	1.3729e-05
0.465223	1.37282e-05
0.465431	1.37273e-05
0.465639	1.37265e-05
0.465848	1.37256e-05
0.466056	1.37248e-05
0.466264	1.3724e-05
0.466472	1.37231e-05
0.466681	1.37223e-05
0.466889	1.37214e-05
0.467097	1.37206e-05
0.467305	1.37197e-05
0.467514	1.37189e-05
0.467722	1.3718e-05
0.46793	1.37172e-05
0.468138	1.37163e-05
0.468347	1.37155e-05
0.468555	1.37146e-05
0.468763	1.37137e-05
0.468971	1.37129e-05
0.46918	1.3712e-05
0.469388	1.37111e-05
0.469596	1.37103e-05
0.469804	1.37094e-05
0.470012	1.37085e-05
0.470221	1.37077e-05
0.470429	1.37068e-05
0.470637	1.37059e-05
0.470845	1.3705e-05
0.471054	1.37042e-05
0.471262	1.37033e-05
0.47147	1.37024e-05
0.471678	1.37015e-05
0.471887	1.37006e-05
0.472095	1.36998e-05
0.472303	1.36989e-05
0.472511	1.3698e-05
0.47272	1.36971e-05
0.472928	1.36962e-05
0.473136	1.36953e-05
0.473344	1.36944e-05
0.473553	1.36935e-05
0.473761	1.36926e-05
0.473969	1.36917e-05
0.474177	1.36908e-05
0.474386	1.36899e-05
0.474594	1.3689e-05
0.474802	1.36881e-05
0.47501	1.36872e-05
0.475219	1.36863e-05
0.475427	1.36854e-05
0.475635	1.36845e-05
0.475843	1.36836e-05
0.476052	1.36827e-05
0.47626	1.36818e-05
0.476468	1.36808e-05
0.476676	1.36799e-05
0.476885	1.3679e-05
0.477093	1.36781e-05
0.477301	1.36772e-05
0.477509	1.36762e-05
0.477718	1.36753e-05
0.477926	1.36744e-05
0.478134	1.36735e-05
0.478342	1.36725e-05
0.478551	1.36716e-05
0.478759	1.36707e-05
0.478967	1.36697e-05
0.479175	1.36688e-05
0.479384	1.36679e-05
0.479592	1.36669e-05
0.4798	1.3666e-05
0.480008	1.3665e-05
0.480217	1.36641e-05
0.480425	1.36632e-05
0.480633	1.36622e-05
0.480841	1.36613e-05
0.48105	1.36603e-05
0.481258	1.36594e-05
0.481466	1.36584e-05
0.481674	1.36575e-05
0.481883	1.36565e-05
0.482091	1.36556e-05
0.482299	1.36546e-05
0.482507	1.36536e-05
0.482716	1.36527e-05
0.482924	1.36517e-05
0.483132	1.36508e-05
0.48334	1.36498e-05
0.483549	1.36488e-05
0.483757	1.36479e-05
0.483965	1.36469e-05
0.484173	1.36459e-05
0.484382	1.3645e-05
0.48459	1.3644e-05
0.484798	1.3643e-05
0.485006	1.3642e-05
0.485214	1.36411e-05
0.485423	1.36401e-05
0.485631	1.36391e-05
0.485839	1.36381e-05
0.486047	1.36371e-05
0.486256	1.36362e-05
0.486464	1.36352e-05
0.486672	1.36342e-05
0.48688	1.36332e-05
0.487089	1.36322e-05
0.487297	1.36312e-05
0.487505	1.36302e-05
0.487713	1.36292e-05
0.487922	1.36282e-05
0.48813	1.36272e-05
0.488338	1.36262e-05
0.488546	1.36252e-05
0.488755	1.36242e-05
0.488963	1.36232e-05
0.489171	1.36222e-05
0.489379	1.36212e-05
0.489588	1.36202e-05
0.489796	1.36192e-05
0.490004	1.36182e-05
0.490212	1.36172e-05
0.490421	1.36162e-05
0.490629	1.36152e-05
0.490837	1.36142e-05
0.491045	1.36132e-05
0.491254	1.36121e-05
0.491462	1.36111e-05
0.49167	1.36101e-05
0.491878	1.36091e-05
0.492087	1.36081e-05
0.492295	1.3607e-05
0.492503	1.3606e-05
0.492711	1.3605e-05
0.49292	1.3604e-05
0.493128	1.36029e-05
0.493336	1.36019e-05
0.493544	1.36009e-05
0.493753	1.35998e-05
0.493961	1.35988e-05
0.494169	1.35978e-05
0.494377	1.35967e-05
0.494586	1.35957e-05
0.494794	1.35947e-05
0.495002	1.35936e-05
0.49521	1.35926e-05
0.495419	1.35915e-05
0.495627	1.35905e-05
0.495835	1.35895e-05
0.496043	1.35884e-05
0.496252	1.35874e-05
0.49646	1.35863e-05
0.496668	1.35853e-05
0.496876	1.35842e-05
0.497085	1.35832e-05
0.497293	1.35821e-05
0.497501	1.3581e-05
0.497709	1.358e-05
0.497918	1.35789e-05
0.498126	1.35779e-05
0.498334	1.35768e-05
0.498542	1.35757e-05
0.498751	1.35747e-05
0.498959	1.35736e-05
0.499167	1.35726e-05
0.499375	1.35715e-05
0.499584	1.35704e-05
0.499792	1.35694e-05
